16.0	22.0	4.125	1.1	107.875	2.049204	0.0	0.625	0.06666667	0.13333334	0.0	0.0	0.8125	0.0	2.0	0.4375	-340.17724609375	-539.081298828125
18.0	18.0	4.0	1.0	306.3889	2.5749147	0.0	0.7222222	0.11764706	0.23529412	0.0	0.0625	0.8333333	2.0	2.0	0.5555556	-238.8358612060547	-337.02569580078125
38.0	34.0	3.868421	1.2592592	253.39473	2.4776533	0.0	0.7105263	0.0	0.1891892	0.027777778	0.027777778	0.73333335	5.0	6.0	0.5263158	-491.7878723144531	-765.5856323242188
13.0	13.0	4.6923075	1.0	226.46153	1.5490584	0.07692308	0.9230769	0.0	0.25	0.0	0.09090909	1.0	0.0	0.0	0.53846157	-38.714813232421875	-323.8624572753906
20.0	20.0	4.85	1.0526316	137.75	1.2703604	0.0	0.85	0.0	0.42105263	0.0	0.055555556	0.8947368	2.0	2.0	0.75	-142.8899688720703	-241.4315948486328
27.0	28.0	4.185185	1.1666666	196.88889	1.6556674	0.0	0.8518519	0.0	0.34615386	0.04	0.04	0.88461536	3.0	3.0	0.5925926	-262.58013916015625	-463.3771057128906
6.0	6.0	5.5	1.0	92.5	1.5230694	0.0	1.0	0.0	0.2	0.0	0.0	1.0	0.0	0.0	0.6666667	-16.135454177856445	-119.28766632080078
6.0	7.0	5.5	1.0	92.5	1.5230694	0.0	1.0	0.0	0.2	0.0	0.0	1.0	0.0	0.0	0.6666667	-16.135454177856445	-118.87116241455078
14.0	17.0	4.428571	1.0625	154.28572	2.1138961	0.071428575	0.85714287	0.07692308	0.30769232	0.083333336	0.0	1.0	2.0	3.0	0.5714286	-39.302791595458984	-331.9341735839844
14.0	18.0	4.428571	1.0588236	154.28572	2.1138961	0.071428575	0.85714287	0.07692308	0.30769232	0.083333336	0.0	1.0	2.0	2.0	0.5714286	-39.302791595458984	-335.2531433105469
26.0	28.0	4.8846154	1.1666666	142.26923	1.2524188	0.03846154	0.6923077	0.0	0.2	0.0	0.0	0.875	2.0	2.0	0.53846157	-283.4677734375	-562.591796875
26.0	28.0	4.8846154	1.1666666	142.26923	1.2524188	0.03846154	0.6923077	0.0	0.2	0.0	0.0	0.875	2.0	2.0	0.53846157	-283.4677734375	-562.591796875
14.0	12.0	4.285714	1.0	296.92856	2.0123217	0.0	0.9285714	0.0	0.30769232	0.083333336	0.0	1.0	2.0	2.0	0.42857143	-36.75496292114258	-129.97666931152344
14.0	12.0	4.285714	1.0	296.92856	2.0123217	0.0	0.9285714	0.0	0.30769232	0.083333336	0.0	1.0	2.0	2.0	0.42857143	-36.75496292114258	-129.97666931152344
29.0	33.0	4.793103	1.32	125.655174	1.9828457	0.06896552	0.7586207	0.035714287	0.42857143	0.0	0.11111111	0.9166667	4.0	6.0	0.6551724	-355.9985046386719	-448.1390380859375
29.0	33.0	4.793103	1.32	125.655174	1.9828457	0.06896552	0.7586207	0.035714287	0.42857143	0.0	0.11111111	0.9166667	4.0	6.0	0.6551724	-355.9985046386719	-448.1390380859375
40.0	42.0	4.125	1.4482758	338.675	2.0454786	0.0	0.95	0.051282052	0.35897437	0.02631579	0.0	0.96875	5.0	6.0	0.475	-95.0413818359375	-868.704833984375
40.0	42.0	4.125	1.4482758	338.675	2.0454786	0.0	0.95	0.051282052	0.35897437	0.02631579	0.0	0.96875	5.0	6.0	0.475	-95.0413818359375	-868.704833984375
16.0	17.0	4.1875	1.0625	150.0	1.4663196	0.0	1.0	0.06666667	0.4	0.071428575	0.0	1.0	2.0	2.0	0.4375	-34.2269172668457	-427.7757568359375
12.0	12.0	4.9166665	1.0	230.83333	0.8276777	0.0	0.6666667	0.0	0.27272728	0.0	0.0	0.72727275	0.0	0.0	0.6666667	-224.76841735839844	-322.75994873046875
16.0	15.0	4.3125	1.0714285	150.8125	2.0096443	0.0	0.75	0.06666667	0.26666668	0.0	0.0	0.75	2.0	2.0	0.625	-239.18568420410156	-245.8404083251953
27.0	27.0	3.851852	1.2272727	214.85185	1.7962472	0.0	0.8518519	0.0	0.3846154	0.0	0.12	0.875	3.0	3.0	0.5555556	-166.57229614257812	-748.3982543945312
27.0	27.0	3.851852	1.2272727	214.85185	1.7962472	0.0	0.8518519	0.0	0.3846154	0.0	0.12	0.875	3.0	3.0	0.5555556	-166.57229614257812	-748.3982543945312
37.0	47.0	4.4864864	1.4242424	176.64865	2.1630402	0.0	0.9189189	0.0	0.2777778	0.0	0.0	0.93333334	5.0	5.0	0.6216216	-197.56640625	-580.6271362304688
37.0	47.0	4.4864864	1.4242424	176.64865	2.1630402	0.0	0.9189189	0.0	0.2777778	0.0	0.0	0.93333334	5.0	5.0	0.6216216	-197.56640625	-580.6271362304688
19.0	19.0	5.7894735	1.0555556	297.10526	1.3360302	0.0	0.7894737	0.055555556	0.44444445	0.0	0.11764706	0.8235294	2.0	2.0	0.68421054	-331.2473449707031	-233.8280029296875
19.0	19.0	5.7894735	1.0555556	297.10526	1.3360302	0.0	0.7894737	0.055555556	0.44444445	0.0	0.11764706	0.8235294	2.0	2.0	0.68421054	-331.2473449707031	-233.8280029296875
27.0	37.0	3.851852	1.3214285	193.2963	2.0786395	0.0	0.8518519	0.0	0.23076923	0.04	0.04	0.95	4.0	3.0	0.44444445	-168.0410614013672	-376.7605895996094
27.0	31.0	3.851852	1.1923077	193.2963	2.0786395	0.0	0.8518519	0.0	0.23076923	0.04	0.04	0.95	4.0	4.0	0.44444445	-168.0410614013672	-464.4255065917969
27.0	31.0	3.851852	1.2916666	193.2963	2.0786395	0.0	0.8518519	0.0	0.23076923	0.04	0.04	0.95	4.0	4.0	0.44444445	-168.0410614013672	-460.6253662109375
15.0	16.0	4.2	1.0	219.93333	0.79164	0.0	1.0	0.0	0.42857143	0.0	0.15384616	1.0	0.0	0.0	0.6	-33.619712829589844	-136.58811950683594
15.0	13.0	4.2	1.0	219.93333	0.79164	0.0	1.0	0.0	0.42857143	0.0	0.15384616	1.0	0.0	0.0	0.6	-33.619712829589844	-30.06517219543457
15.0	16.0	4.2	1.0	219.93333	0.79164	0.0	1.0	0.0	0.42857143	0.0	0.15384616	1.0	0.0	0.0	0.6	-33.619712829589844	-136.58811950683594
15.0	16.0	4.266667	1.0	141.8	1.4248497	0.0	0.73333335	0.0	0.42857143	0.0	0.07692308	0.8	0.0	0.0	0.53333336	-139.020751953125	-436.6013488769531
15.0	16.0	4.266667	1.0	141.8	1.4248497	0.0	0.73333335	0.0	0.42857143	0.0	0.07692308	0.8	0.0	0.0	0.53333336	-139.020751953125	-436.6013488769531
15.0	16.0	4.266667	1.0666667	141.8	1.4248497	0.0	0.73333335	0.0	0.42857143	0.0	0.07692308	0.8	0.0	0.0	0.53333336	-139.020751953125	-239.53076171875
16.0	16.0	4.0	1.0	200.25	1.7883103	0.0	0.875	0.06666667	0.26666668	0.0	0.071428575	0.93333334	2.0	2.0	0.4375	-138.5873260498047	-431.91729736328125
16.0	16.0	4.0	1.0	200.25	1.7883103	0.0	0.875	0.06666667	0.26666668	0.0	0.071428575	0.93333334	2.0	2.0	0.4375	-138.5873260498047	-152.48092651367188
16.0	15.0	4.0	1.0714285	200.25	1.7883103	0.0	0.875	0.06666667	0.26666668	0.0	0.071428575	0.93333334	2.0	2.0	0.4375	-138.5873260498047	-238.6090545654297
16.0	15.0	4.0	1.0714285	200.25	1.7883103	0.0	0.875	0.06666667	0.26666668	0.0	0.071428575	0.93333334	2.0	2.0	0.4375	-138.5873260498047	-238.6090545654297
16.0	15.0	4.0	1.0	200.25	1.7883103	0.0	0.875	0.06666667	0.26666668	0.0	0.071428575	0.93333334	2.0	2.0	0.4375	-138.5873260498047	-338.9007263183594
16.0	15.0	4.0	1.0	200.25	1.7883103	0.0	0.875	0.06666667	0.26666668	0.0	0.071428575	0.93333334	2.0	2.0	0.4375	-138.5873260498047	-338.9007263183594
16.0	16.0	4.0	1.0	200.25	1.7883103	0.0	0.875	0.06666667	0.26666668	0.0	0.071428575	0.93333334	2.0	2.0	0.4375	-138.5873260498047	-152.48092651367188
16.0	15.0	4.0	1.0714285	200.25	1.7883103	0.0	0.875	0.06666667	0.26666668	0.0	0.071428575	0.93333334	2.0	2.0	0.4375	-138.5873260498047	-238.6090545654297
11.0	10.0	4.7272725	1.0	185.0	2.077716	0.0	0.8181818	0.0	0.4	0.11111111	0.0	0.8181818	2.0	2.0	0.54545456	-121.71979522705078	-119.76158142089844
11.0	10.0	4.7272725	1.0	185.0	2.077716	0.0	0.8181818	0.0	0.4	0.11111111	0.0	0.8181818	2.0	2.0	0.54545456	-121.71979522705078	-121.12866973876953
11.0	9.0	4.7272725	1.0	185.0	2.077716	0.0	0.8181818	0.0	0.4	0.11111111	0.0	0.8181818	2.0	0.0	0.54545456	-121.71979522705078	-220.0323944091797
11.0	9.0	4.7272725	1.0	185.0	2.077716	0.0	0.8181818	0.0	0.4	0.11111111	0.0	0.8181818	2.0	0.0	0.54545456	-121.71979522705078	-220.0323944091797
11.0	9.0	4.7272725	1.0	185.0	2.077716	0.0	0.8181818	0.0	0.4	0.11111111	0.0	0.8181818	2.0	0.0	0.54545456	-121.71979522705078	-220.0323944091797
11.0	9.0	4.7272725	1.0	185.0	2.077716	0.0	0.8181818	0.0	0.4	0.11111111	0.0	0.8181818	2.0	0.0	0.54545456	-121.71979522705078	-220.0323944091797
11.0	10.0	4.7272725	1.0	185.0	2.077716	0.0	0.8181818	0.0	0.4	0.11111111	0.0	0.8181818	2.0	2.0	0.54545456	-121.71979522705078	-121.12866973876953
11.0	10.0	4.7272725	1.0	185.0	2.077716	0.0	0.8181818	0.0	0.4	0.11111111	0.0	0.8181818	2.0	2.0	0.54545456	-121.71979522705078	-119.76158142089844
40.0	41.0	3.725	1.28125	267.65	2.0092435	0.0	0.825	0.051282052	0.30769232	0.0	0.05263158	0.96875	4.0	4.0	0.275	-200.6027069091797	-497.8344421386719
40.0	37.0	3.725	1.2758621	267.65	2.0092435	0.0	0.825	0.051282052	0.30769232	0.0	0.05263158	0.96875	4.0	4.0	0.275	-200.6027069091797	-777.9273071289062
40.0	44.0	3.725	1.2941177	267.65	2.0092435	0.0	0.825	0.051282052	0.30769232	0.0	0.05263158	0.96875	4.0	4.0	0.275	-200.6027069091797	-802.305908203125
40.0	44.0	3.725	1.2941177	267.65	2.0092435	0.0	0.825	0.051282052	0.30769232	0.0	0.05263158	0.96875	4.0	4.0	0.275	-200.6027069091797	-802.305908203125
40.0	39.0	3.725	1.3	267.65	2.0092435	0.0	0.825	0.051282052	0.30769232	0.0	0.05263158	0.96875	4.0	4.0	0.275	-200.6027069091797	-587.9722900390625
40.0	41.0	3.725	1.3225807	267.65	2.0092435	0.0	0.825	0.051282052	0.30769232	0.0	0.05263158	0.96875	4.0	4.0	0.275	-200.6027069091797	-880.3258666992188
40.0	37.0	3.725	1.2758621	267.65	2.0092435	0.0	0.825	0.051282052	0.30769232	0.0	0.05263158	0.96875	4.0	4.0	0.275	-200.6027069091797	-777.9273071289062
40.0	45.0	3.725	1.3636364	267.65	2.0092435	0.0	0.825	0.051282052	0.30769232	0.0	0.05263158	0.96875	4.0	4.0	0.275	-200.6027069091797	-888.3108520507812
12.0	12.0	5.3333335	1.0	129.08333	1.6155027	0.0	0.75	0.09090909	0.36363637	0.1	0.0	0.8181818	2.0	2.0	0.5833333	-127.10224151611328	-321.33489990234375
12.0	12.0	5.3333335	1.0	129.08333	1.6155027	0.0	0.75	0.09090909	0.36363637	0.1	0.0	0.8181818	2.0	2.0	0.5833333	-127.10224151611328	-321.33489990234375
12.0	12.0	5.3333335	1.0	129.08333	1.6155027	0.0	0.75	0.09090909	0.36363637	0.1	0.0	0.8181818	2.0	2.0	0.5833333	-127.10224151611328	-321.33489990234375
28.0	26.0	4.535714	1.1304348	145.71428	2.345441	0.035714287	0.85714287	0.0	0.33333334	0.0	0.07692308	0.9230769	2.0	2.0	0.5	-171.2693328857422	-167.38307189941406
28.0	26.0	4.535714	1.1304348	145.71428	2.345441	0.035714287	0.85714287	0.0	0.33333334	0.0	0.07692308	0.9230769	2.0	2.0	0.5	-171.2693328857422	-167.38307189941406
28.0	26.0	4.535714	1.1304348	145.71428	2.345441	0.035714287	0.85714287	0.0	0.33333334	0.0	0.07692308	0.9230769	2.0	2.0	0.5	-171.2693328857422	-167.38307189941406
40.0	40.0	4.75	1.0526316	271.175	8.727419	0.05	0.725	0.0	0.25641027	0.0	0.02631579	0.8611111	0.0	2.0	0.5	-501.6019287109375	-693.73681640625
40.0	40.0	4.75	1.0526316	271.175	8.727419	0.05	0.725	0.0	0.25641027	0.0	0.02631579	0.8611111	0.0	2.0	0.5	-501.6019287109375	-693.73681640625
40.0	40.0	4.75	1.0526316	271.175	8.727419	0.05	0.725	0.0	0.25641027	0.0	0.02631579	0.8611111	0.0	2.0	0.5	-501.6019287109375	-693.73681640625
21.0	23.0	4.1904764	1.15	347.38095	1.8211955	0.04761905	0.7619048	0.0	0.3	0.05263158	0.05263158	0.8888889	3.0	4.0	0.5714286	-250.90553283691406	-554.0708618164062
30.0	32.0	3.9666667	1.1851852	140.0	1.1457002	0.033333335	0.6333333	0.0	0.2413793	0.0	0.035714287	0.7307692	2.0	2.0	0.56666666	-760.6845092773438	-958.5955200195312
31.0	33.0	4.096774	1.4347826	150.93549	1.6914018	0.032258064	0.7741935	0.0	0.26666668	0.0	0.10344828	0.72727275	5.0	4.0	0.48387095	-643.5363159179688	-749.8436889648438
18.0	19.0	4.1666665	1.0	274.8889	0.92140156	0.0	0.8888889	0.05882353	0.3529412	0.0	0.0	0.9444444	0.0	0.0	0.44444445	-46.252742767333984	-245.70904541015625
11.0	12.0	4.3636365	1.0	235.81818	2.064678	0.0	0.6363636	0.0	0.2	0.11111111	0.0	0.72727275	2.0	2.0	0.6363636	-316.576416015625	-324.84326171875
23.0	20.0	4.2608695	1.0526316	188.65218	1.6813544	0.04347826	0.95652175	0.0	0.45454547	0.04761905	0.14285715	1.0	3.0	3.0	0.5652174	-49.411643981933594	-437.6174011230469
18.0	20.0	5.0555553	1.0526316	295.77777	1.7540147	0.055555556	0.7777778	0.0	0.1764706	0.0	0.0	0.8888889	2.0	2.0	0.5555556	-155.96200561523438	-535.7221069335938
18.0	16.0	5.0555553	1.0	295.77777	1.7540147	0.055555556	0.7777778	0.0	0.1764706	0.0	0.0	0.8888889	2.0	0.0	0.5555556	-155.96200561523438	-342.0995178222656
18.0	22.0	5.0555553	1.1578947	295.77777	1.7540147	0.055555556	0.7777778	0.0	0.1764706	0.0	0.0	0.8888889	2.0	2.0	0.5555556	-155.96200561523438	-350.7521057128906
18.0	22.0	5.0555553	1.1578947	295.77777	1.7540147	0.055555556	0.7777778	0.0	0.1764706	0.0	0.0	0.8888889	2.0	2.0	0.5555556	-155.96200561523438	-350.7521057128906
48.0	61.0	5.0416665	1.3863636	166.54167	2.139315	0.020833334	0.8125	0.04255319	0.23404256	0.02173913	0.06521739	0.94736844	4.0	4.0	0.5	-237.8780517578125	-1124.6517333984375
48.0	54.0	5.0416665	1.35	166.54167	2.139315	0.020833334	0.8125	0.04255319	0.23404256	0.02173913	0.06521739	0.94736844	4.0	4.0	0.5	-237.8780517578125	-1303.1114501953125
48.0	59.0	5.0416665	1.3720931	166.54167	2.139315	0.020833334	0.8125	0.04255319	0.23404256	0.02173913	0.06521739	0.94736844	4.0	4.0	0.5	-237.8780517578125	-925.2219848632812
48.0	59.0	5.0416665	1.3720931	166.54167	2.139315	0.020833334	0.8125	0.04255319	0.23404256	0.02173913	0.06521739	0.94736844	4.0	4.0	0.5	-237.8780517578125	-925.2219848632812
29.0	31.0	4.0689654	1.0689656	131.13792	1.1817651	0.0	0.8965517	0.035714287	0.25	0.037037037	0.074074075	0.9310345	2.0	2.0	0.4827586	-263.1146545410156	-474.3793640136719
29.0	34.0	4.0689654	1.1333333	131.13792	1.1817651	0.0	0.8965517	0.035714287	0.25	0.037037037	0.074074075	0.9310345	2.0	2.0	0.4827586	-263.1146545410156	-276.6390380859375
29.0	31.0	4.0689654	1.0689656	131.13792	1.1817651	0.0	0.8965517	0.035714287	0.25	0.037037037	0.074074075	0.9310345	2.0	2.0	0.4827586	-263.1146545410156	-474.3793640136719
29.0	31.0	4.0689654	1.0689656	131.13792	1.1817651	0.0	0.8965517	0.035714287	0.25	0.037037037	0.074074075	0.9310345	2.0	2.0	0.4827586	-263.1146545410156	-474.3793640136719
21.0	25.0	4.095238	1.1904762	269.61905	1.8587354	0.04761905	0.9047619	0.0	0.3	0.0	0.0	1.0	5.0	3.0	0.61904764	-58.00395965576172	-445.6991882324219
16.0	16.0	3.875	1.1428572	201.9375	5.0195947	0.0	0.6875	0.06666667	0.13333334	0.0	0.0	0.93333334	2.0	2.0	0.625	-235.89669799804688	-333.69793701171875
26.0	26.0	3.8846154	1.1304348	153.23077	0.72960824	0.0	0.9230769	0.04	0.36	0.083333336	0.041666668	1.0	0.0	0.0	0.3846154	-67.75983428955078	-259.34490966796875
22.0	22.0	3.7272727	1.2941177	161.40909	1.0081336	0.0	0.77272725	0.0952381	0.3809524	0.1	0.05	0.85714287	2.0	2.0	0.5	-245.1855926513672	-144.85096740722656
22.0	21.0	3.7272727	1.4	161.40909	1.0081336	0.0	0.77272725	0.0952381	0.3809524	0.1	0.05	0.85714287	2.0	2.0	0.5	-245.1855926513672	-156.27662658691406
22.0	22.0	3.7272727	1.375	161.40909	1.0081336	0.0	0.77272725	0.0952381	0.3809524	0.1	0.05	0.85714287	2.0	2.0	0.5	-245.1855926513672	-246.88702392578125
20.0	20.0	4.4	1.25	236.7	1.328512	0.0	0.7	0.10526316	0.21052632	0.0	0.0	0.8125	0.0	0.0	0.6	-253.17596435546875	-447.1826477050781
20.0	19.0	4.4	1.2666667	236.7	1.328512	0.0	0.7	0.10526316	0.21052632	0.0	0.0	0.8125	0.0	2.0	0.6	-253.17596435546875	-542.4207153320312
20.0	19.0	4.4	1.2666667	236.7	1.328512	0.0	0.7	0.10526316	0.21052632	0.0	0.0	0.8125	0.0	2.0	0.6	-253.17596435546875	-542.4207153320312
45.0	46.0	4.577778	1.2777778	332.06668	1.2945577	0.0	0.82222223	0.09090909	0.29545453	0.0	0.0	0.85714287	3.0	3.0	0.4888889	-598.4927368164062	-1088.9114990234375
45.0	49.0	4.577778	1.3243244	332.06668	1.2945577	0.0	0.82222223	0.09090909	0.29545453	0.0	0.0	0.85714287	3.0	3.0	0.4888889	-598.4927368164062	-1093.3597412109375
45.0	49.0	4.577778	1.3243244	332.06668	1.2945577	0.0	0.82222223	0.09090909	0.29545453	0.0	0.0	0.85714287	3.0	3.0	0.4888889	-598.4927368164062	-1093.3597412109375
31.0	28.0	3.967742	1.2727273	349.67743	1.9207566	0.032258064	0.9032258	0.033333335	0.36666667	0.0	0.06896552	0.9583333	4.0	4.0	0.41935483	-168.20643615722656	-551.435302734375
10.0	11.0	4.6	1.0	432.4	2.750068	0.0	0.8	0.11111111	0.11111111	0.0	0.0	0.9	2.0	2.0	0.6	-122.16002655029297	-314.9483642578125
29.0	25.0	4.413793	1.1363636	999.5517	2.2195187	0.0	0.7586207	0.0	0.25	0.0	0.037037037	0.82608694	2.0	2.0	0.62068963	-473.6005859375	-759.6006469726562
13.0	15.0	4.6923075	1.0	169.23077	1.7146761	0.0	0.7692308	0.083333336	0.083333336	0.0	0.0	0.84615386	2.0	2.0	0.61538464	-233.48194885253906	-426.7012634277344
13.0	15.0	4.6923075	1.0	169.23077	1.7146761	0.0	0.7692308	0.083333336	0.083333336	0.0	0.0	0.84615386	2.0	2.0	0.61538464	-233.48194885253906	-426.7012634277344
13.0	13.0	4.6923075	1.0	169.23077	1.7146761	0.0	0.7692308	0.083333336	0.083333336	0.0	0.0	0.84615386	2.0	2.0	0.61538464	-233.48194885253906	-328.23394775390625
13.0	15.0	4.6923075	1.0	169.23077	1.7146761	0.0	0.7692308	0.083333336	0.083333336	0.0	0.0	0.84615386	2.0	2.0	0.61538464	-233.48194885253906	-329.3973083496094
13.0	15.0	4.6923075	1.0	169.23077	1.7146761	0.0	0.7692308	0.083333336	0.083333336	0.0	0.0	0.84615386	2.0	2.0	0.61538464	-233.48194885253906	-426.7012634277344
13.0	15.0	4.6923075	1.0	169.23077	1.7146761	0.0	0.7692308	0.083333336	0.083333336	0.0	0.0	0.84615386	2.0	2.0	0.61538464	-233.48194885253906	-426.7012634277344
13.0	13.0	4.6923075	1.0	169.23077	1.7146761	0.0	0.7692308	0.083333336	0.083333336	0.0	0.0	0.84615386	2.0	2.0	0.61538464	-233.48194885253906	-328.23394775390625
13.0	13.0	4.6923075	1.0	169.23077	1.7146761	0.0	0.7692308	0.083333336	0.083333336	0.0	0.0	0.84615386	2.0	2.0	0.61538464	-233.48194885253906	-328.23394775390625
13.0	13.0	4.6923075	1.0	169.23077	1.7146761	0.0	0.7692308	0.083333336	0.083333336	0.0	0.0	0.84615386	2.0	2.0	0.61538464	-233.48194885253906	-328.23394775390625
13.0	15.0	4.6923075	1.0	169.23077	1.7146761	0.0	0.7692308	0.083333336	0.083333336	0.0	0.0	0.84615386	2.0	2.0	0.61538464	-233.48194885253906	-329.3973083496094
18.0	17.0	4.4444447	1.0	180.38889	2.6522706	0.0	0.9444444	0.05882353	0.1764706	0.0625	0.0	0.9411765	3.0	0.0	0.44444445	-142.5752410888672	-241.87693786621094
18.0	19.0	4.4444447	1.117647	180.38889	2.6522706	0.0	0.9444444	0.05882353	0.1764706	0.0625	0.0	0.9411765	3.0	3.0	0.44444445	-142.5752410888672	-340.0758361816406
18.0	19.0	4.4444447	1.117647	180.38889	2.6522706	0.0	0.9444444	0.05882353	0.1764706	0.0625	0.0	0.9411765	3.0	3.0	0.44444445	-142.5752410888672	-340.0758361816406
18.0	22.0	4.4444447	1.1578947	180.38889	2.6522706	0.0	0.9444444	0.05882353	0.1764706	0.0625	0.0	0.9411765	3.0	3.0	0.44444445	-142.5752410888672	-251.32933044433594
18.0	19.0	4.4444447	1.117647	180.38889	2.6522706	0.0	0.9444444	0.05882353	0.1764706	0.0625	0.0	0.9411765	3.0	3.0	0.44444445	-142.5752410888672	-340.0758361816406
18.0	19.0	4.4444447	1.117647	180.38889	2.6522706	0.0	0.9444444	0.05882353	0.1764706	0.0625	0.0	0.9411765	3.0	3.0	0.44444445	-142.5752410888672	-340.0758361816406
18.0	19.0	4.4444447	1.117647	180.38889	2.6522706	0.0	0.9444444	0.05882353	0.1764706	0.0625	0.0	0.9411765	3.0	3.0	0.44444445	-142.5752410888672	-340.0758361816406
18.0	19.0	4.4444447	1.117647	180.38889	2.6522706	0.0	0.9444444	0.05882353	0.1764706	0.0625	0.0	0.9411765	3.0	3.0	0.44444445	-142.5752410888672	-340.0758361816406
18.0	19.0	4.4444447	1.117647	180.38889	2.6522706	0.0	0.9444444	0.05882353	0.1764706	0.0625	0.0	0.9411765	3.0	3.0	0.44444445	-142.5752410888672	-340.0758361816406
18.0	22.0	4.4444447	1.1578947	180.38889	2.6522706	0.0	0.9444444	0.05882353	0.1764706	0.0625	0.0	0.9411765	3.0	3.0	0.44444445	-142.5752410888672	-251.32933044433594
11.0	11.0	4.4545455	1.0	105.63636	1.2357346	0.09090909	0.6363636	0.0	0.3	0.11111111	0.11111111	0.8	0.0	0.0	0.6363636	-224.2790985107422	-120.43653106689453
11.0	12.0	4.4545455	1.0	105.63636	1.2357346	0.09090909	0.6363636	0.0	0.3	0.11111111	0.11111111	0.8	0.0	0.0	0.6363636	-224.2790985107422	-120.6136245727539
11.0	11.0	4.4545455	1.0	105.63636	1.2357346	0.09090909	0.6363636	0.0	0.3	0.11111111	0.11111111	0.8	0.0	0.0	0.6363636	-224.2790985107422	-217.7836456298828
11.0	11.0	4.4545455	1.0	105.63636	1.2357346	0.09090909	0.6363636	0.0	0.3	0.11111111	0.11111111	0.8	0.0	0.0	0.6363636	-224.2790985107422	-123.74258422851562
11.0	12.0	4.4545455	1.0	105.63636	1.2357346	0.09090909	0.6363636	0.0	0.3	0.11111111	0.11111111	0.8	0.0	0.0	0.6363636	-224.2790985107422	-120.6136245727539
11.0	12.0	4.4545455	1.0	105.63636	1.2357346	0.09090909	0.6363636	0.0	0.3	0.11111111	0.11111111	0.8	0.0	0.0	0.6363636	-224.2790985107422	-120.6136245727539
11.0	11.0	4.4545455	1.0	105.63636	1.2357346	0.09090909	0.6363636	0.0	0.3	0.11111111	0.11111111	0.8	0.0	0.0	0.6363636	-224.2790985107422	-217.7836456298828
11.0	11.0	4.4545455	1.0	105.63636	1.2357346	0.09090909	0.6363636	0.0	0.3	0.11111111	0.11111111	0.8	0.0	0.0	0.6363636	-224.2790985107422	-217.7836456298828
11.0	11.0	4.4545455	1.0	105.63636	1.2357346	0.09090909	0.6363636	0.0	0.3	0.11111111	0.11111111	0.8	0.0	0.0	0.6363636	-224.2790985107422	-217.7836456298828
11.0	11.0	4.4545455	1.0	105.63636	1.2357346	0.09090909	0.6363636	0.0	0.3	0.11111111	0.11111111	0.8	0.0	0.0	0.6363636	-224.2790985107422	-123.74258422851562
14.0	17.0	5.142857	1.1333333	148.92857	1.6543759	0.0	0.78571427	0.0	0.30769232	0.083333336	0.0	0.85714287	2.0	2.0	0.5714286	-133.67662048339844	-324.55902099609375
13.0	16.0	5.076923	1.0666667	67.46154	1.39217	0.0	0.6923077	0.0	0.33333334	0.0	0.09090909	0.7692308	2.0	3.0	0.6923077	-143.03512573242188	-237.53594970703125
33.0	33.0	4.5454545	1.1785715	206.54546	1.3610339	0.030303031	0.75757575	0.0	0.375	0.0	0.12903225	0.78571427	3.0	3.0	0.5151515	-569.4767456054688	-1140.7608642578125
54.0	58.0	4.037037	1.4146341	163.44444	1.6419148	0.037037037	0.8333333	0.03773585	0.35849056	0.01923077	0.01923077	0.9	5.0	5.0	0.537037	-336.9594421386719	-820.7587890625
54.0	53.0	4.037037	1.3589743	163.44444	1.6419148	0.037037037	0.8333333	0.03773585	0.35849056	0.01923077	0.01923077	0.9	5.0	5.0	0.537037	-336.9594421386719	-915.62353515625
39.0	38.0	4.6153846	1.1875	158.53847	2.2017555	0.051282052	0.7692308	0.0	0.2631579	0.0	0.027027028	0.90625	4.0	4.0	0.53846157	-205.345703125	-782.9273071289062
39.0	38.0	4.6153846	1.1875	158.53847	2.2017555	0.051282052	0.7692308	0.0	0.2631579	0.0	0.027027028	0.90625	4.0	4.0	0.53846157	-205.345703125	-782.9273071289062
32.0	37.0	4.65625	1.2758621	157.28125	1.6297337	0.03125	0.84375	0.06451613	0.22580644	0.033333335	0.033333335	0.9	3.0	3.0	0.40625	-382.88128662109375	-1055.5562744140625
32.0	35.0	4.65625	1.1666666	157.28125	1.6297337	0.03125	0.84375	0.06451613	0.22580644	0.033333335	0.033333335	0.9	3.0	3.0	0.40625	-382.88128662109375	-772.9703369140625
12.0	18.0	6.8333335	1.0588236	302.25	1.974109	0.0	0.6666667	0.0	0.0	0.0	0.0	0.8333333	2.0	2.0	0.8333333	-235.60560607910156	-237.499267578125
12.0	14.0	6.8333335	1.0	302.25	1.974109	0.0	0.6666667	0.0	0.0	0.0	0.0	0.8333333	2.0	2.0	0.8333333	-235.60560607910156	-231.7698211669922
12.0	14.0	6.8333335	1.0	302.25	1.974109	0.0	0.6666667	0.0	0.0	0.0	0.0	0.8333333	2.0	2.0	0.8333333	-235.60560607910156	-233.1625518798828
12.0	18.0	6.8333335	1.0588236	302.25	1.974109	0.0	0.6666667	0.0	0.0	0.0	0.0	0.8333333	2.0	2.0	0.8333333	-235.60560607910156	-237.499267578125
12.0	13.0	5.0833335	1.0	249.41667	0.9710513	0.0	0.9166667	0.0	0.27272728	0.0	0.2	0.9166667	0.0	0.0	0.33333334	-128.47508239746094	-236.0378875732422
12.0	13.0	5.0833335	1.0	249.41667	0.9710513	0.0	0.9166667	0.0	0.27272728	0.0	0.2	0.9166667	0.0	0.0	0.33333334	-128.47508239746094	-233.89442443847656
12.0	13.0	5.0833335	1.0	249.41667	0.9710513	0.0	0.9166667	0.0	0.27272728	0.0	0.2	0.9166667	0.0	0.0	0.33333334	-128.47508239746094	-234.5685577392578
12.0	13.0	5.0833335	1.0	249.41667	0.9710513	0.0	0.9166667	0.0	0.27272728	0.0	0.2	0.9166667	0.0	0.0	0.33333334	-128.47508239746094	-236.0378875732422
12.0	11.0	5.25	1.0	415.33334	1.5524973	0.0	0.8333333	0.0	0.36363637	0.0	0.1	0.9166667	0.0	0.0	0.5	-123.96255493164062	-319.5916748046875
12.0	12.0	5.25	1.0	415.33334	1.5524973	0.0	0.8333333	0.0	0.36363637	0.0	0.1	0.9166667	0.0	0.0	0.5	-123.96255493164062	-327.4956359863281
12.0	11.0	5.25	1.0	415.33334	1.5524973	0.0	0.8333333	0.0	0.36363637	0.0	0.1	0.9166667	0.0	0.0	0.5	-123.96255493164062	-224.24874877929688
12.0	11.0	5.25	1.0	415.33334	1.5524973	0.0	0.8333333	0.0	0.36363637	0.0	0.1	0.9166667	0.0	0.0	0.5	-123.96255493164062	-319.5916748046875
19.0	22.0	5.0	1.2222222	193.8421	1.2905118	0.0	0.7894737	0.055555556	0.11111111	0.0	0.0	0.7894737	2.0	2.0	0.5263158	-341.2716064453125	-343.72906494140625
19.0	23.0	5.0	1.2105263	193.8421	1.2905118	0.0	0.7894737	0.055555556	0.11111111	0.0	0.0	0.7894737	2.0	2.0	0.5263158	-341.2716064453125	-348.5558776855469
12.0	12.0	4.8333335	1.0909091	180.5	1.0641311	0.0	0.9166667	0.0	0.36363637	0.0	0.3	0.9166667	0.0	0.0	0.41666666	-124.89662170410156	-218.2675323486328
12.0	12.0	4.8333335	1.0909091	180.5	1.0641311	0.0	0.9166667	0.0	0.36363637	0.0	0.3	0.9166667	0.0	0.0	0.41666666	-124.89662170410156	-218.2675323486328
20.0	22.0	4.25	1.0476191	367.9	1.0519739	0.05	0.85	0.0	0.5263158	0.0	0.16666667	0.8947368	0.0	0.0	0.4	-141.71437072753906	-735.883544921875
20.0	20.0	4.25	1.0526316	367.9	1.0519739	0.05	0.85	0.0	0.5263158	0.0	0.16666667	0.8947368	0.0	0.0	0.4	-141.71437072753906	-633.008056640625
20.0	18.0	5.35	1.125	99.35	1.9045855	0.15	0.65	0.0	0.21052632	0.0	0.055555556	0.7647059	2.0	2.0	0.55	-448.3047180175781	-448.85205078125
20.0	18.0	5.35	1.2	99.35	1.9045855	0.15	0.65	0.0	0.21052632	0.0	0.055555556	0.7647059	2.0	2.0	0.55	-448.3047180175781	-444.8165588378906
20.0	18.0	5.35	1.2	99.35	1.9045855	0.15	0.65	0.0	0.21052632	0.0	0.055555556	0.7647059	2.0	2.0	0.55	-448.3047180175781	-444.8165588378906
20.0	18.0	5.35	1.2	99.35	1.9045855	0.15	0.65	0.0	0.21052632	0.0	0.055555556	0.7647059	2.0	2.0	0.55	-448.3047180175781	-444.8165588378906
23.0	21.0	4.521739	1.05	153.86957	1.4339355	0.04347826	0.8695652	0.045454547	0.36363637	0.0	0.0952381	0.95	2.0	2.0	0.4347826	-158.73416137695312	-453.84808349609375
23.0	20.0	4.521739	1.0526316	153.86957	1.4339355	0.04347826	0.8695652	0.045454547	0.36363637	0.0	0.0952381	0.95	2.0	2.0	0.4347826	-158.73416137695312	-453.09295654296875
23.0	26.0	4.521739	1.0833334	153.86957	1.4339355	0.04347826	0.8695652	0.045454547	0.36363637	0.0	0.0952381	0.95	2.0	2.0	0.4347826	-158.73416137695312	-557.4559936523438
23.0	20.0	4.521739	1.0526316	153.86957	1.4339355	0.04347826	0.8695652	0.045454547	0.36363637	0.0	0.0952381	0.95	2.0	2.0	0.4347826	-158.73416137695312	-453.09295654296875
17.0	21.0	6.0588236	1.05	107.05882	1.478836	0.0	0.7647059	0.0	0.1875	0.0	0.06666667	0.8235294	2.0	2.0	0.5882353	-236.7615203857422	-542.7542724609375
17.0	20.0	6.0588236	1.0526316	107.05882	1.478836	0.0	0.7647059	0.0	0.1875	0.0	0.06666667	0.8235294	2.0	2.0	0.5882353	-236.7615203857422	-537.927490234375
17.0	20.0	6.0588236	1.0526316	107.05882	1.478836	0.0	0.7647059	0.0	0.1875	0.0	0.06666667	0.8235294	2.0	2.0	0.5882353	-236.7615203857422	-537.927490234375
17.0	20.0	6.0588236	1.0526316	107.05882	1.478836	0.0	0.7647059	0.0	0.1875	0.0	0.06666667	0.8235294	2.0	2.0	0.5882353	-236.7615203857422	-537.927490234375
17.0	18.0	4.7058825	1.125	148.76471	2.8604128	0.0	0.88235295	0.0625	0.375	0.0	0.26666668	0.8666667	3.0	3.0	0.5882353	-132.8810577392578	-135.81507873535156
17.0	16.0	4.7058825	1.1428572	148.76471	2.8604128	0.0	0.88235295	0.0625	0.375	0.0	0.26666668	0.8666667	3.0	0.0	0.5882353	-132.8810577392578	-327.2044982910156
17.0	17.0	4.7058825	1.2142857	148.76471	2.8604128	0.0	0.88235295	0.0625	0.375	0.0	0.26666668	0.8666667	3.0	3.0	0.5882353	-132.8810577392578	-127.31837463378906
15.0	16.0	4.5333333	1.0	377.93332	1.7366066	0.0	0.6666667	0.0	0.21428572	0.0	0.0	0.8	2.0	2.0	0.73333335	-335.0819091796875	-334.74127197265625
15.0	16.0	4.5333333	1.0	377.93332	1.7366066	0.0	0.6666667	0.0	0.21428572	0.0	0.0	0.8	2.0	2.0	0.73333335	-335.0819091796875	-334.74127197265625
15.0	14.0	4.5333333	1.0	377.93332	1.7366066	0.0	0.6666667	0.0	0.21428572	0.0	0.0	0.8	2.0	2.0	0.73333335	-335.0819091796875	-233.22364807128906
8.0	10.0	6.25	1.0	150.75	2.4462087	0.125	0.75	0.0	0.14285715	0.0	0.0	0.875	2.0	2.0	0.625	-221.1389923095703	-133.21070861816406
8.0	10.0	6.25	1.0	150.75	2.4462087	0.125	0.75	0.0	0.14285715	0.0	0.0	0.875	2.0	2.0	0.625	-221.1389923095703	-133.21070861816406
8.0	10.0	6.25	1.0	150.75	2.4462087	0.125	0.75	0.0	0.14285715	0.0	0.0	0.875	2.0	2.0	0.625	-221.1389923095703	-131.427001953125
18.0	17.0	4.0555553	1.0625	292.33334	1.1295961	0.0	0.8888889	0.11764706	0.47058824	0.0	0.0625	0.9375	0.0	0.0	0.44444445	-234.0332489013672	-329.7544860839844
18.0	19.0	4.0555553	1.0555556	292.33334	1.1295961	0.0	0.8888889	0.11764706	0.47058824	0.0	0.0625	0.9375	0.0	0.0	0.44444445	-234.0332489013672	-430.8523254394531
18.0	16.0	4.0555553	1.0	292.33334	1.1295961	0.0	0.8888889	0.11764706	0.47058824	0.0	0.0625	0.9375	0.0	0.0	0.44444445	-234.0332489013672	-327.26190185546875
27.0	28.0	4.3333335	1.2727273	207.48148	1.7991654	0.037037037	0.8518519	0.115384616	0.26923078	0.04	0.08	0.9130435	3.0	3.0	0.5185185	-163.867431640625	-466.4374694824219
27.0	29.0	4.3333335	1.3181819	207.48148	1.7991654	0.037037037	0.8518519	0.115384616	0.26923078	0.04	0.08	0.9130435	3.0	3.0	0.5185185	-163.867431640625	-453.0059509277344
27.0	31.0	4.3333335	1.24	207.48148	1.7991654	0.037037037	0.8518519	0.115384616	0.26923078	0.04	0.08	0.9130435	3.0	3.0	0.5185185	-163.867431640625	-361.9905700683594
36.0	34.0	4.7222223	1.2592592	193.80556	2.2375917	0.0	0.7777778	0.0	0.22857143	0.0	0.05882353	0.8214286	5.0	5.0	0.6111111	-475.1372985839844	-1244.4273681640625
36.0	41.0	4.7222223	1.28125	193.80556	2.2375917	0.0	0.7777778	0.0	0.22857143	0.0	0.05882353	0.8214286	5.0	6.0	0.6111111	-475.1372985839844	-973.8588256835938
36.0	36.0	4.7222223	1.2	193.80556	2.2375917	0.0	0.7777778	0.0	0.22857143	0.0	0.05882353	0.8214286	5.0	6.0	0.6111111	-475.1372985839844	-1250.32666015625
27.0	24.0	4.2222223	1.2	109.40741	18.602232	0.037037037	0.5925926	0.0	0.26923078	0.0	0.12	0.71428573	0.0	0.0	0.44444445	-545.3856811523438	-441.5580749511719
12.0	15.0	5.1666665	1.0714285	185.25	2.5917168	0.0	0.5833333	0.0	0.0	0.0	0.0	0.6666667	0.0	2.0	0.75	-236.54718017578125	-328.40283203125
28.0	31.0	4.535714	1.0689656	175.96428	1.524843	0.035714287	0.6785714	0.0	0.25925925	0.0	0.03846154	0.8214286	2.0	2.0	0.4642857	-468.8530578613281	-780.1364135742188
39.0	47.0	5.1025643	1.2702702	195.74359	1.9323505	0.025641026	0.7692308	0.0	0.21052632	0.027027028	0.027027028	0.92105263	2.0	2.0	0.64102566	-319.7502746582031	-706.632568359375
36.0	36.0	4.25	1.1612903	366.83334	1.8639014	0.027777778	0.8333333	0.0	0.31428573	0.0	0.05882353	0.9375	2.0	2.0	0.5833333	-195.1072540283203	-582.093505859375
40.0	50.0	4.8	1.2820513	300.05	1.7876164	0.025	0.775	0.0	0.25641027	0.0	0.05263158	0.9166667	0.0	2.0	0.55	-211.21597290039062	-697.763427734375
25.0	30.0	5.12	1.25	161.04	0.8352901	0.0	0.92	0.0	0.45833334	0.0	0.17391305	1.0	0.0	2.0	0.56	-68.3444595336914	-257.8097839355469
25.0	30.0	5.12	1.25	161.04	0.8352901	0.0	0.92	0.0	0.45833334	0.0	0.17391305	1.0	0.0	2.0	0.56	-68.3444595336914	-257.8097839355469
42.0	52.0	5.047619	1.2682927	139.71428	1.2567703	0.0	0.8095238	0.09756097	0.24390244	0.025	0.05	0.8918919	3.0	3.0	0.6904762	-404.84600830078125	-1093.17529296875
42.0	53.0	5.047619	1.1777778	139.71428	1.2567703	0.0	0.8095238	0.09756097	0.24390244	0.025	0.05	0.8918919	3.0	4.0	0.6904762	-404.84600830078125	-997.7293701171875
30.0	31.0	4.3333335	1.0689656	154.4	1.9695017	0.0	0.8333333	0.0	0.31034482	0.0	0.071428575	0.9310345	2.0	4.0	0.36666667	-272.1554870605469	-858.8243408203125
30.0	27.0	4.3333335	1.0384616	154.4	1.9695017	0.0	0.8333333	0.0	0.31034482	0.0	0.071428575	0.9310345	2.0	4.0	0.36666667	-272.1554870605469	-548.4617309570312
22.0	17.0	2.9545455	1.2142857	448.5909	1.9018414	0.045454547	0.95454544	0.0	0.52380955	0.0	0.35	1.0	3.0	3.0	0.3181818	-37.16109848022461	-138.1626434326172
22.0	17.0	2.9545455	1.2142857	448.5909	1.9018414	0.045454547	0.95454544	0.0	0.52380955	0.0	0.35	1.0	3.0	3.0	0.3181818	-37.16109848022461	-126.2132568359375
37.0	39.0	4.3783784	1.2580645	161.1892	2.0720444	0.027027028	0.8378378	0.027777778	0.2777778	0.0	0.114285715	0.9354839	3.0	3.0	0.5675676	-295.0824890136719	-681.7327270507812
37.0	36.0	4.3783784	1.1612903	161.1892	2.0720444	0.027027028	0.8378378	0.027777778	0.2777778	0.0	0.114285715	0.9354839	3.0	3.0	0.5675676	-295.0824890136719	-589.9788208007812
10.0	14.0	5.9	1.0	110.4	1.5327586	0.0	1.0	0.0	0.0	0.0	0.0	1.0	0.0	0.0	0.8	-36.018375396728516	-329.2297668457031
10.0	12.0	5.9	1.0	110.4	1.5327586	0.0	1.0	0.0	0.0	0.0	0.0	1.0	0.0	0.0	0.8	-36.018375396728516	-325.7335510253906
24.0	24.0	3.8333333	1.1428572	145.66667	14.49808	0.083333336	0.8333333	0.08695652	0.13043478	0.0	0.045454547	0.9	4.0	4.0	0.5416667	-349.3407287597656	-639.0872802734375
16.0	15.0	4.6875	1.0714285	181.8125	1.5506089	0.0	0.6875	0.0	0.13333334	0.0	0.0	0.9375	0.0	0.0	0.5625	-50.824520111083984	-331.0421447753906
21.0	19.0	4.5238094	1.0	220.61905	1.4608237	0.0	1.0	0.05	0.4	0.10526316	0.15789473	1.0	2.0	2.0	0.33333334	-44.15287399291992	-432.5321044921875
3.0	3.0	4.6666665	1.0	183.66667	0.68248796	0.0	1.0	0.0	0.5	0.0	0.0	1.0	0.0	0.0	0.6666667	-12.87761402130127	-108.80421447753906
29.0	29.0	4.9310346	1.16	178.27586	1.3068373	0.0	0.82758623	0.10714286	0.25	0.037037037	0.0	0.9230769	2.0	2.0	0.62068963	-67.37120819091797	-658.9976196289062
25.0	28.0	4.52	1.0769231	187.12	4.5826564	0.04	0.84	0.125	0.25	0.04347826	0.0	1.0	0.0	0.0	0.52	-167.90576171875	-363.1081848144531
44.0	46.0	4.931818	1.0952381	158.04546	1.3569642	0.0	0.8636364	0.069767445	0.23255815	0.023809524	0.0	0.925	4.0	4.0	0.52272725	-310.75103759765625	-698.8848876953125
44.0	49.0	4.931818	1.1395348	158.04546	1.3569642	0.0	0.8636364	0.069767445	0.23255815	0.023809524	0.0	0.925	4.0	4.0	0.52272725	-310.75103759765625	-902.7285766601562
44.0	49.0	4.931818	1.1666666	158.04546	1.3569642	0.0	0.8636364	0.069767445	0.23255815	0.023809524	0.0	0.925	4.0	4.0	0.52272725	-310.75103759765625	-897.5205078125
44.0	51.0	4.931818	1.1860465	158.04546	1.3569642	0.0	0.8636364	0.069767445	0.23255815	0.023809524	0.0	0.925	4.0	5.0	0.52272725	-310.75103759765625	-797.35693359375
44.0	46.0	4.931818	1.0952381	158.04546	1.3569642	0.0	0.8636364	0.069767445	0.23255815	0.023809524	0.0	0.925	4.0	4.0	0.52272725	-310.75103759765625	-698.8848876953125
44.0	51.0	4.931818	1.1590909	158.04546	1.3569642	0.0	0.8636364	0.069767445	0.23255815	0.023809524	0.0	0.925	4.0	4.0	0.52272725	-310.75103759765625	-697.8526000976562
44.0	50.0	4.931818	1.1627907	158.04546	1.3569642	0.0	0.8636364	0.069767445	0.23255815	0.023809524	0.0	0.925	4.0	4.0	0.52272725	-310.75103759765625	-889.21142578125
19.0	21.0	4.736842	1.05	141.52632	1.2680309	0.0	0.94736844	0.055555556	0.33333334	0.0	0.11764706	1.0	2.0	2.0	0.57894737	-141.89796447753906	-440.9546203613281
19.0	21.0	4.736842	1.05	141.52632	1.2680309	0.0	0.94736844	0.055555556	0.33333334	0.0	0.11764706	1.0	2.0	2.0	0.57894737	-141.89796447753906	-440.9546203613281
19.0	22.0	4.736842	1.1	141.52632	1.2680309	0.0	0.94736844	0.055555556	0.33333334	0.0	0.11764706	1.0	2.0	2.0	0.57894737	-141.89796447753906	-362.6981201171875
19.0	21.0	4.736842	1.1052631	141.52632	1.2680309	0.0	0.94736844	0.055555556	0.33333334	0.0	0.11764706	1.0	2.0	2.0	0.57894737	-141.89796447753906	-539.924072265625
19.0	21.0	4.736842	1.1052631	141.52632	1.2680309	0.0	0.94736844	0.055555556	0.33333334	0.0	0.11764706	1.0	2.0	2.0	0.57894737	-141.89796447753906	-442.0006408691406
19.0	21.0	4.736842	1.1052631	141.52632	1.2680309	0.0	0.94736844	0.055555556	0.33333334	0.0	0.11764706	1.0	2.0	2.0	0.57894737	-141.89796447753906	-442.0006408691406
19.0	21.0	4.736842	1.05	141.52632	1.2680309	0.0	0.94736844	0.055555556	0.33333334	0.0	0.11764706	1.0	2.0	2.0	0.57894737	-141.89796447753906	-440.9546203613281
35.0	40.0	4.571429	1.3333334	312.45715	1.9591312	0.028571429	0.82857144	0.05882353	0.38235295	0.0	0.030303031	0.96666664	2.0	2.0	0.42857143	-100.50444030761719	-498.9652099609375
35.0	38.0	4.571429	1.3103448	312.45715	1.9591312	0.028571429	0.82857144	0.05882353	0.38235295	0.0	0.030303031	0.96666664	2.0	2.0	0.42857143	-100.50444030761719	-492.86395263671875
35.0	40.0	4.571429	1.3333334	312.45715	1.9591312	0.028571429	0.82857144	0.05882353	0.38235295	0.0	0.030303031	0.96666664	2.0	2.0	0.42857143	-100.50444030761719	-498.9652099609375
35.0	40.0	4.571429	1.3333334	312.45715	1.9591312	0.028571429	0.82857144	0.05882353	0.38235295	0.0	0.030303031	0.96666664	2.0	2.0	0.42857143	-100.50444030761719	-498.9652099609375
35.0	40.0	4.571429	1.3333334	312.45715	1.9591312	0.028571429	0.82857144	0.05882353	0.38235295	0.0	0.030303031	0.96666664	2.0	2.0	0.42857143	-100.50444030761719	-498.9652099609375
35.0	40.0	4.571429	1.3333334	312.45715	1.9591312	0.028571429	0.82857144	0.05882353	0.38235295	0.0	0.030303031	0.96666664	2.0	2.0	0.42857143	-100.50444030761719	-498.9652099609375
35.0	37.0	4.571429	1.3214285	312.45715	1.9591312	0.028571429	0.82857144	0.05882353	0.38235295	0.0	0.030303031	0.96666664	2.0	2.0	0.42857143	-100.50444030761719	-596.1386108398438
8.0	8.0	6.25	1.0	82.25	1.3208462	0.0	0.625	0.0	0.14285715	0.0	0.0	0.875	0.0	0.0	0.75	-124.51986694335938	-221.00489807128906
8.0	8.0	6.25	1.0	82.25	1.3208462	0.0	0.625	0.0	0.14285715	0.0	0.0	0.875	0.0	0.0	0.75	-124.51986694335938	-409.3934326171875
8.0	8.0	6.25	1.0	82.25	1.3208462	0.0	0.625	0.0	0.14285715	0.0	0.0	0.875	0.0	0.0	0.75	-124.51986694335938	-221.00489807128906
8.0	8.0	6.25	1.0	82.25	1.3208462	0.0	0.625	0.0	0.14285715	0.0	0.0	0.875	0.0	0.0	0.75	-124.51986694335938	-221.00489807128906
8.0	8.0	6.25	1.0	82.25	1.3208462	0.0	0.625	0.0	0.14285715	0.0	0.0	0.875	0.0	0.0	0.75	-124.51986694335938	-409.3934326171875
8.0	8.0	6.25	1.0	82.25	1.3208462	0.0	0.625	0.0	0.14285715	0.0	0.0	0.875	0.0	0.0	0.75	-124.51986694335938	-223.04615783691406
37.0	36.0	3.945946	1.125	240.32433	7.2015586	0.054054055	0.8648649	0.027777778	0.33333334	0.0	0.057142857	1.0	5.0	5.0	0.5135135	-286.0018615722656	-281.7840881347656
37.0	37.0	3.945946	1.1212121	240.32433	7.2015586	0.054054055	0.8648649	0.027777778	0.33333334	0.0	0.057142857	1.0	5.0	5.0	0.5135135	-286.0018615722656	-567.886474609375
37.0	36.0	3.945946	1.125	240.32433	7.2015586	0.054054055	0.8648649	0.027777778	0.33333334	0.0	0.057142857	1.0	5.0	5.0	0.5135135	-286.0018615722656	-281.7840881347656
37.0	36.0	3.945946	1.125	240.32433	7.2015586	0.054054055	0.8648649	0.027777778	0.33333334	0.0	0.057142857	1.0	5.0	5.0	0.5135135	-286.0018615722656	-281.7840881347656
37.0	37.0	3.945946	1.1212121	240.32433	7.2015586	0.054054055	0.8648649	0.027777778	0.33333334	0.0	0.057142857	1.0	5.0	5.0	0.5135135	-286.0018615722656	-567.886474609375
37.0	35.0	3.945946	1.1290323	240.32433	7.2015586	0.054054055	0.8648649	0.027777778	0.33333334	0.0	0.057142857	1.0	5.0	5.0	0.5135135	-286.0018615722656	-295.17230224609375
20.0	16.0	3.2	1.2307693	294.5	12.650747	0.05	0.85	0.05263158	0.47368422	0.0	0.16666667	0.88235295	0.0	0.0	0.35	-134.4446258544922	-41.18913650512695
20.0	15.0	3.2	1.1538461	294.5	12.650747	0.05	0.85	0.05263158	0.47368422	0.0	0.16666667	0.88235295	0.0	0.0	0.35	-134.4446258544922	-45.5847053527832
20.0	16.0	3.2	1.2307693	294.5	12.650747	0.05	0.85	0.05263158	0.47368422	0.0	0.16666667	0.88235295	0.0	0.0	0.35	-134.4446258544922	-41.18913650512695
20.0	16.0	3.2	1.2307693	294.5	12.650747	0.05	0.85	0.05263158	0.47368422	0.0	0.16666667	0.88235295	0.0	0.0	0.35	-134.4446258544922	-41.18913650512695
20.0	15.0	3.2	1.1538461	294.5	12.650747	0.05	0.85	0.05263158	0.47368422	0.0	0.16666667	0.88235295	0.0	0.0	0.35	-134.4446258544922	-45.5847053527832
20.0	18.0	3.2	1.2	294.5	12.650747	0.05	0.85	0.05263158	0.47368422	0.0	0.16666667	0.88235295	0.0	0.0	0.35	-134.4446258544922	-347.8881530761719
18.0	15.0	3.7222223	1.0714285	242.88889	2.3939016	0.0	0.6666667	0.0	0.11764706	0.0	0.0	0.8125	3.0	3.0	0.6111111	-336.75115966796875	-328.3358459472656
28.0	28.0	4.178571	1.2727273	313.89285	2.2725315	0.0	0.8214286	0.0	0.14814815	0.03846154	0.0	0.84	4.0	4.0	0.5	-167.59622192382812	-348.8129577636719
36.0	42.0	4.3333335	1.1666666	159.66667	3.524187	0.0	0.7777778	0.057142857	0.25714287	0.05882353	0.0	0.8181818	2.0	2.0	0.5833333	-274.0679931640625	-682.3928833007812
18.0	21.0	4.2222223	1.0	156.83333	1.3604478	0.0	0.8888889	0.0	0.3529412	0.0	0.0	0.8888889	0.0	0.0	0.5555556	-148.42005920410156	-353.6546936035156
8.0	7.0	4.125	1.0	451.625	1.3385011	0.0	0.75	0.14285715	0.2857143	0.0	0.16666667	0.875	0.0	0.0	0.5	-119.4065170288086	-215.1836395263672
26.0	23.0	4.3076925	1.15	250.65384	3.834595	0.0	0.8076923	0.04	0.32	0.0	0.125	0.7916667	0.0	0.0	0.5	-258.59356689453125	-638.7908935546875
19.0	20.0	4.5789475	1.0526316	237.1579	1.7361994	0.0	0.84210527	0.0	0.22222222	0.0	0.0	0.9411765	2.0	2.0	0.6315789	-145.95523071289062	-534.2222290039062
19.0	21.0	4.5789475	1.05	237.1579	1.7361994	0.0	0.84210527	0.0	0.22222222	0.0	0.0	0.9411765	2.0	2.0	0.6315789	-145.95523071289062	-532.6212768554688
19.0	18.0	4.5789475	1.0	237.1579	1.7361994	0.0	0.84210527	0.0	0.22222222	0.0	0.0	0.9411765	2.0	2.0	0.6315789	-145.95523071289062	-332.4500732421875
19.0	20.0	4.5789475	1.0526316	237.1579	1.7361994	0.0	0.84210527	0.0	0.22222222	0.0	0.0	0.9411765	2.0	2.0	0.6315789	-145.95523071289062	-534.2222290039062
18.0	20.0	4.611111	1.1111112	142.38889	1.8834087	0.0	0.7777778	0.0	0.29411766	0.0	0.0	0.8888889	2.0	0.0	0.5555556	-154.7402801513672	-160.69566345214844
18.0	21.0	4.611111	1.1052631	142.38889	1.8834087	0.0	0.7777778	0.0	0.29411766	0.0	0.0	0.8888889	2.0	0.0	0.5555556	-154.7402801513672	-261.90484619140625
18.0	21.0	4.611111	1.1052631	142.38889	1.8834087	0.0	0.7777778	0.0	0.29411766	0.0	0.0	0.8888889	2.0	2.0	0.5555556	-154.7402801513672	-546.8638916015625
18.0	21.0	4.611111	1.05	142.38889	1.8834087	0.0	0.7777778	0.0	0.29411766	0.0	0.0	0.8888889	2.0	2.0	0.5555556	-154.7402801513672	-443.72509765625
15.0	14.0	3.6666667	1.0	539.26666	1.7075231	0.0	0.93333334	0.0	0.21428572	0.0	0.07692308	0.9285714	0.0	0.0	0.53333336	-136.0206756591797	-331.5957946777344
15.0	14.0	3.6666667	1.0	539.26666	1.7075231	0.0	0.93333334	0.0	0.21428572	0.0	0.07692308	0.9285714	0.0	0.0	0.53333336	-136.0206756591797	-333.16998291015625
15.0	14.0	3.6666667	1.0	539.26666	1.7075231	0.0	0.93333334	0.0	0.21428572	0.0	0.07692308	0.9285714	0.0	0.0	0.53333336	-136.0206756591797	-333.16998291015625
15.0	14.0	3.6666667	1.0	539.26666	1.7075231	0.0	0.93333334	0.0	0.21428572	0.0	0.07692308	0.9285714	0.0	0.0	0.53333336	-136.0206756591797	-333.16998291015625
30.0	35.0	4.366667	1.09375	224.46666	21.575935	0.06666667	0.7	0.10344828	0.20689656	0.0	0.0	0.9259259	4.0	4.0	0.6	-285.9767150878906	-668.2749633789062
19.0	17.0	3.6842105	1.0625	123.63158	11.866534	0.05263158	0.7894737	0.0	0.2777778	0.0	0.05882353	0.8888889	2.0	2.0	0.5263158	-241.8936309814453	-237.4373016357422
16.0	13.0	4.5625	1.0833334	255.875	3.7490528	0.0	0.875	0.0	0.33333334	0.0	0.0	0.9285714	3.0	3.0	0.625	-133.2473907470703	-36.382442474365234
23.0	22.0	4.173913	1.0476191	169.65218	1.728538	0.08695652	0.73913044	0.0	0.3181818	0.0	0.0	1.0	2.0	2.0	0.6086956	-66.5184097290039	-249.46347045898438
32.0	32.0	3.59375	1.28	322.75	10.697626	0.0625	0.84375	0.032258064	0.29032257	0.06666667	0.033333335	0.9166667	4.0	4.0	0.46875	-461.2618103027344	-455.94317626953125
24.0	23.0	4.75	1.0952381	165.45833	1.4829425	0.0	0.7083333	0.0	0.2173913	0.0	0.0	0.71428573	3.0	3.0	0.7083333	-449.5384216308594	-262.69708251953125
33.0	42.0	4.090909	1.5555556	117.36364	1.3427789	0.0	0.6060606	0.0625	0.09375	0.0	0.0	0.68	2.0	2.0	0.72727275	-567.947998046875	-870.1422119140625
15.0	18.0	4.5333333	1.2857143	123.86667	24.563961	0.13333334	0.73333335	0.071428575	0.21428572	0.0	0.0	0.9285714	2.0	2.0	0.6666667	-234.5687713623047	-140.85000610351562
41.0	50.0	5.487805	1.2820513	163.19513	1.750349	0.0	0.73170733	0.025	0.125	0.0	0.0	0.92105263	4.0	4.0	0.6585366	-314.96978759765625	-730.7005615234375
30.0	29.0	4.633333	1.1153846	148.26666	13.848074	0.06666667	0.6666667	0.06896552	0.1724138	0.0	0.0	0.92	5.0	5.0	0.7	-464.3453063964844	-750.9384765625
30.0	29.0	4.633333	1.1153846	148.26666	13.848074	0.06666667	0.6666667	0.06896552	0.1724138	0.0	0.0	0.92	5.0	5.0	0.7	-464.3453063964844	-750.9384765625
25.0	24.0	3.96	1.2	150.6	12.746494	0.08	0.68	0.041666668	0.375	0.0	0.13043478	0.9	2.0	2.0	0.6	-247.5616455078125	-463.0270690917969
25.0	24.0	3.96	1.2	150.6	12.746494	0.08	0.68	0.041666668	0.375	0.0	0.13043478	0.9	2.0	2.0	0.6	-247.5616455078125	-463.0270690917969
34.0	32.0	4.029412	1.1851852	296.64706	1.7637223	0.0	0.88235295	0.0	0.5151515	0.03125	0.125	0.9310345	3.0	3.0	0.5	-179.5731964111328	-370.7313537597656
34.0	35.0	4.029412	1.2068965	296.64706	1.7637223	0.0	0.88235295	0.0	0.5151515	0.03125	0.125	0.9310345	3.0	3.0	0.5	-179.5731964111328	-561.739013671875
20.0	21.0	4.0	1.05	169.55	2.329087	0.05	0.8	0.0	0.31578946	0.0	0.11111111	0.88235295	3.0	3.0	0.55	-241.51072692871094	-630.3225708007812
20.0	20.0	4.0	1.0526316	169.55	2.329087	0.05	0.8	0.0	0.31578946	0.0	0.11111111	0.88235295	3.0	3.0	0.55	-241.51072692871094	-722.1614990234375
20.0	20.0	4.0	1.0526316	169.55	2.329087	0.05	0.8	0.0	0.31578946	0.0	0.11111111	0.88235295	3.0	3.0	0.55	-241.51072692871094	-722.1614990234375
37.0	36.0	3.9729729	1.0909091	204.16216	7.548515	0.054054055	0.8108108	0.0	0.33333334	0.028571429	0.057142857	0.9117647	4.0	4.0	0.3783784	-292.493408203125	-576.03955078125
37.0	31.0	3.9729729	1.0333333	204.16216	7.548515	0.054054055	0.8108108	0.0	0.33333334	0.028571429	0.057142857	0.9117647	4.0	4.0	0.3783784	-292.493408203125	-572.4398193359375
37.0	34.0	3.9729729	1.0625	204.16216	7.548515	0.054054055	0.8108108	0.0	0.33333334	0.028571429	0.057142857	0.9117647	4.0	4.0	0.3783784	-292.493408203125	-577.3228759765625
7.0	8.0	3.4285715	1.0	106.28571	21.423018	0.14285715	0.71428573	0.0	0.33333334	0.0	0.0	1.0	0.0	0.0	0.71428573	-112.91068267822266	-119.16728210449219
7.0	8.0	3.4285715	1.0	106.28571	21.423018	0.14285715	0.71428573	0.0	0.33333334	0.0	0.0	1.0	0.0	0.0	0.71428573	-112.91068267822266	-213.25440979003906
7.0	11.0	3.4285715	1.0	106.28571	21.423018	0.14285715	0.71428573	0.0	0.33333334	0.0	0.0	1.0	0.0	2.0	0.71428573	-112.91068267822266	-223.53953552246094
16.0	17.0	4.9375	1.1333333	128.125	2.5221028	0.0625	0.5625	0.0	0.26666668	0.0	0.071428575	0.73333335	3.0	3.0	0.6875	-433.5754089355469	-529.8922729492188
16.0	16.0	4.9375	1.0666667	128.125	2.5221028	0.0625	0.5625	0.0	0.26666668	0.0	0.071428575	0.73333335	3.0	3.0	0.6875	-433.5754089355469	-438.7103576660156
16.0	16.0	4.9375	1.0666667	128.125	2.5221028	0.0625	0.5625	0.0	0.26666668	0.0	0.071428575	0.73333335	3.0	3.0	0.6875	-433.5754089355469	-438.7103576660156
16.0	16.0	4.9375	1.0666667	128.125	2.5221028	0.0625	0.5625	0.0	0.26666668	0.0	0.071428575	0.73333335	3.0	3.0	0.6875	-433.5754089355469	-450.93267822265625
16.0	16.0	4.9375	1.0666667	128.125	2.5221028	0.0625	0.5625	0.0	0.26666668	0.0	0.071428575	0.73333335	3.0	3.0	0.6875	-433.5754089355469	-450.93267822265625
16.0	16.0	4.9375	1.0666667	128.125	2.5221028	0.0625	0.5625	0.0	0.26666668	0.0	0.071428575	0.73333335	3.0	3.0	0.6875	-433.5754089355469	-438.7103576660156
16.0	16.0	4.9375	1.0666667	128.125	2.5221028	0.0625	0.5625	0.0	0.26666668	0.0	0.071428575	0.73333335	3.0	3.0	0.6875	-433.5754089355469	-438.7103576660156
16.0	16.0	4.9375	1.0666667	128.125	2.5221028	0.0625	0.5625	0.0	0.26666668	0.0	0.071428575	0.73333335	3.0	3.0	0.6875	-433.5754089355469	-438.7103576660156
30.0	28.0	3.9	1.0	287.8	6.167161	0.033333335	0.9	0.06896552	0.5862069	0.035714287	0.17857143	1.0	4.0	4.0	0.36666667	-64.49000549316406	-648.1681518554688
30.0	25.0	3.9	1.0416666	287.8	6.167161	0.033333335	0.9	0.06896552	0.5862069	0.035714287	0.17857143	1.0	4.0	4.0	0.36666667	-64.49000549316406	-740.56298828125
30.0	29.0	3.9	1.074074	287.8	6.167161	0.033333335	0.9	0.06896552	0.5862069	0.035714287	0.17857143	1.0	4.0	4.0	0.36666667	-64.49000549316406	-552.30126953125
30.0	27.0	3.9	1.0	287.8	6.167161	0.033333335	0.9	0.06896552	0.5862069	0.035714287	0.17857143	1.0	4.0	4.0	0.36666667	-64.49000549316406	-549.6629638671875
30.0	27.0	3.9	1.0	287.8	6.167161	0.033333335	0.9	0.06896552	0.5862069	0.035714287	0.17857143	1.0	4.0	4.0	0.36666667	-64.49000549316406	-549.6629638671875
30.0	25.0	3.9	1.0416666	287.8	6.167161	0.033333335	0.9	0.06896552	0.5862069	0.035714287	0.17857143	1.0	4.0	4.0	0.36666667	-64.49000549316406	-740.56298828125
30.0	29.0	3.9	1.074074	287.8	6.167161	0.033333335	0.9	0.06896552	0.5862069	0.035714287	0.17857143	1.0	4.0	4.0	0.36666667	-64.49000549316406	-552.30126953125
30.0	29.0	3.9	1.074074	287.8	6.167161	0.033333335	0.9	0.06896552	0.5862069	0.035714287	0.17857143	1.0	4.0	4.0	0.36666667	-64.49000549316406	-552.30126953125
39.0	43.0	5.179487	1.2647059	183.05128	8.476014	0.07692308	0.7948718	0.05263158	0.34210527	0.08108108	0.10810811	0.9032258	3.0	3.0	0.5897436	-575.1759033203125	-967.5748291015625
39.0	43.0	5.179487	1.3870968	183.05128	8.476014	0.07692308	0.7948718	0.05263158	0.34210527	0.08108108	0.10810811	0.9032258	3.0	3.0	0.5897436	-575.1759033203125	-867.36474609375
39.0	43.0	5.179487	1.2647059	183.05128	8.476014	0.07692308	0.7948718	0.05263158	0.34210527	0.08108108	0.10810811	0.9032258	3.0	3.0	0.5897436	-575.1759033203125	-967.5748291015625
39.0	42.0	5.179487	1.2727273	183.05128	8.476014	0.07692308	0.7948718	0.05263158	0.34210527	0.08108108	0.10810811	0.9032258	3.0	3.0	0.5897436	-575.1759033203125	-1063.7176513671875
39.0	43.0	5.179487	1.2647059	183.05128	8.476014	0.07692308	0.7948718	0.05263158	0.34210527	0.08108108	0.10810811	0.9032258	3.0	3.0	0.5897436	-575.1759033203125	-967.5748291015625
39.0	43.0	5.179487	1.3870968	183.05128	8.476014	0.07692308	0.7948718	0.05263158	0.34210527	0.08108108	0.10810811	0.9032258	3.0	3.0	0.5897436	-575.1759033203125	-867.36474609375
39.0	43.0	5.179487	1.2647059	183.05128	8.476014	0.07692308	0.7948718	0.05263158	0.34210527	0.08108108	0.10810811	0.9032258	3.0	3.0	0.5897436	-575.1759033203125	-967.5748291015625
39.0	43.0	5.179487	1.2647059	183.05128	8.476014	0.07692308	0.7948718	0.05263158	0.34210527	0.08108108	0.10810811	0.9032258	3.0	3.0	0.5897436	-575.1759033203125	-967.5748291015625
15.0	14.0	3.7333333	1.0769231	369.13333	1.5589106	0.0	1.0	0.0	0.35714287	0.0	0.15384616	1.0	0.0	0.0	0.4	-38.101722717285156	-232.35350036621094
20.0	20.0	4.0	1.0526316	335.55	1.9200544	0.05	0.8	0.05263158	0.21052632	0.0	0.0	0.84210527	3.0	3.0	0.65	-343.4283752441406	-342.56500244140625
15.0	15.0	4.133333	1.0714285	152.8	20.025747	0.13333334	0.73333335	0.0	0.21428572	0.0	0.0	0.85714287	2.0	2.0	0.53333336	-331.46368408203125	-426.88543701171875
26.0	26.0	4.230769	1.0833334	340.07693	12.512587	0.15384616	0.5	0.0	0.12	0.0	0.0	0.76	2.0	2.0	0.6923077	-640.8297729492188	-745.457275390625
26.0	26.0	4.230769	1.04	340.07693	12.512587	0.15384616	0.5	0.0	0.12	0.0	0.0	0.76	2.0	2.0	0.6923077	-640.8297729492188	-641.607177734375
26.0	26.0	4.230769	1.04	340.07693	12.512587	0.15384616	0.5	0.0	0.12	0.0	0.0	0.76	2.0	2.0	0.6923077	-640.8297729492188	-641.607177734375
26.0	26.0	4.230769	1.04	340.07693	12.512587	0.15384616	0.5	0.0	0.12	0.0	0.0	0.76	2.0	2.0	0.6923077	-640.8297729492188	-641.607177734375
26.0	26.0	4.230769	1.04	340.07693	12.512587	0.15384616	0.5	0.0	0.12	0.0	0.0	0.76	2.0	2.0	0.6923077	-640.8297729492188	-738.2919311523438
41.0	39.0	3.3414633	1.2580645	210.12195	3.4192424	0.024390243	0.8780488	0.05	0.275	0.0	0.051282052	0.9677419	7.0	5.0	0.46341464	-207.5093536376953	-977.1947631835938
41.0	33.0	3.3414633	1.1	210.12195	3.4192424	0.024390243	0.8780488	0.05	0.275	0.0	0.051282052	0.9677419	7.0	3.0	0.46341464	-207.5093536376953	-1064.5379638671875
41.0	33.0	3.3414633	1.1	210.12195	3.4192424	0.024390243	0.8780488	0.05	0.275	0.0	0.051282052	0.9677419	7.0	3.0	0.46341464	-207.5093536376953	-1064.5379638671875
41.0	37.0	3.3414633	1.2333333	210.12195	3.4192424	0.024390243	0.8780488	0.05	0.275	0.0	0.051282052	0.9677419	7.0	6.0	0.46341464	-207.5093536376953	-1063.9158935546875
41.0	33.0	3.3414633	1.1	210.12195	3.4192424	0.024390243	0.8780488	0.05	0.275	0.0	0.051282052	0.9677419	7.0	3.0	0.46341464	-207.5093536376953	-1064.5379638671875
28.0	28.0	4.178571	1.1666666	145.46428	12.335833	0.10714286	0.8214286	0.037037037	0.14814815	0.03846154	0.0	0.9583333	4.0	4.0	0.60714287	-364.5932312011719	-653.9044799804688
28.0	29.0	4.178571	1.16	145.46428	12.335833	0.10714286	0.8214286	0.037037037	0.14814815	0.03846154	0.0	0.9583333	4.0	4.0	0.60714287	-364.5932312011719	-850.1007690429688
28.0	29.0	4.178571	1.16	145.46428	12.335833	0.10714286	0.8214286	0.037037037	0.14814815	0.03846154	0.0	0.9583333	4.0	4.0	0.60714287	-364.5932312011719	-850.1007690429688
28.0	29.0	4.178571	1.16	145.46428	12.335833	0.10714286	0.8214286	0.037037037	0.14814815	0.03846154	0.0	0.9583333	4.0	4.0	0.60714287	-364.5932312011719	-850.1007690429688
28.0	29.0	4.178571	1.16	145.46428	12.335833	0.10714286	0.8214286	0.037037037	0.14814815	0.03846154	0.0	0.9583333	4.0	4.0	0.60714287	-364.5932312011719	-850.1007690429688
49.0	51.0	4.714286	1.3421053	278.89795	1.7604147	0.040816326	0.63265306	0.041666668	0.14583333	0.0	0.0	0.7	3.0	3.0	0.5510204	-908.6810913085938	-1193.02783203125
50.0	53.0	3.7	1.3947369	247.08	8.672014	0.06	0.74	0.06122449	0.2244898	0.041666668	0.0	0.8684211	5.0	5.0	0.54	-610.450927734375	-1105.1767578125
50.0	54.0	4.22	1.3846154	247.6	1.9507434	0.04	0.82	0.06122449	0.30612245	0.0	0.0625	0.9285714	4.0	6.0	0.44	-222.73023986816406	-906.7637939453125
39.0	39.0	3.871795	1.1142857	174.0	10.7973	0.102564104	0.6923077	0.05263158	0.15789473	0.0	0.027027028	0.9117647	5.0	7.0	0.51282054	-687.1770629882812	-1061.71484375
39.0	37.0	3.871795	1.0571429	174.0	10.7973	0.102564104	0.6923077	0.05263158	0.15789473	0.0	0.027027028	0.9117647	5.0	5.0	0.51282054	-687.1770629882812	-1161.9698486328125
39.0	38.0	3.871795	1.117647	174.0	10.7973	0.102564104	0.6923077	0.05263158	0.15789473	0.0	0.027027028	0.9117647	5.0	7.0	0.51282054	-687.1770629882812	-866.77685546875
39.0	39.0	3.871795	1.1142857	174.0	10.7973	0.102564104	0.6923077	0.05263158	0.15789473	0.0	0.027027028	0.9117647	5.0	7.0	0.51282054	-687.1770629882812	-1061.71484375
13.0	11.0	3.9230769	1.0	162.84616	12.12741	0.07692308	0.84615386	0.0	0.41666666	0.0	0.18181819	0.9166667	0.0	0.0	0.46153846	-220.14234924316406	-132.3580322265625
13.0	10.0	3.9230769	1.0	162.84616	12.12741	0.07692308	0.84615386	0.0	0.41666666	0.0	0.18181819	0.9166667	0.0	0.0	0.46153846	-220.14234924316406	-128.9696044921875
13.0	10.0	3.9230769	1.0	162.84616	12.12741	0.07692308	0.84615386	0.0	0.41666666	0.0	0.18181819	0.9166667	0.0	0.0	0.46153846	-220.14234924316406	-130.5630645751953
13.0	11.0	3.9230769	1.0	162.84616	12.12741	0.07692308	0.84615386	0.0	0.41666666	0.0	0.18181819	0.9166667	0.0	0.0	0.46153846	-220.14234924316406	-132.3580322265625
50.0	52.0	4.52	1.2682927	166.64	1.5280949	0.0	0.86	0.0	0.26530612	0.0	0.083333336	0.85365856	3.0	3.0	0.46	-420.6382751464844	-1196.0819091796875
50.0	53.0	4.52	1.2926829	166.64	1.5280949	0.0	0.86	0.0	0.26530612	0.0	0.083333336	0.85365856	3.0	3.0	0.46	-420.6382751464844	-1100.57275390625
50.0	52.0	4.52	1.2682927	166.64	1.5280949	0.0	0.86	0.0	0.26530612	0.0	0.083333336	0.85365856	3.0	3.0	0.46	-420.6382751464844	-1196.0819091796875
50.0	52.0	4.52	1.2682927	166.64	1.5280949	0.0	0.86	0.0	0.26530612	0.0	0.083333336	0.85365856	3.0	3.0	0.46	-420.6382751464844	-1196.0819091796875
44.0	47.0	4.5	1.382353	313.8409	2.9452398	0.0	0.9318182	0.023255814	0.3255814	0.023809524	0.04761905	0.94285715	4.0	4.0	0.54545456	-110.28975677490234	-773.1563720703125
34.0	40.0	5.0588236	1.3333334	137.29411	18.082874	0.11764706	0.7352941	0.030303031	0.09090909	0.03125	0.0	0.9259259	3.0	3.0	0.5588235	-482.6119384765625	-580.8792114257812
17.0	16.0	6.1764708	1.0	139.0	3.9709494	0.0	0.88235295	0.125	0.25	0.0	0.0	0.88235295	0.0	0.0	0.7058824	-55.74475860595703	-243.03976440429688
38.0	44.0	4.0789475	1.3333334	380.5263	9.611177	0.13157895	0.7894737	0.054054055	0.24324325	0.055555556	0.0	0.9354839	4.0	4.0	0.5263158	-392.2328186035156	-878.0653076171875
26.0	27.0	4.0384617	1.173913	191.96153	2.7366245	0.03846154	0.7307692	0.0	0.2	0.0	0.0	0.8181818	4.0	4.0	0.7307692	-458.0602722167969	-561.2442016601562
26.0	22.0	3.5	1.1578947	259.76923	21.017557	0.03846154	0.6923077	0.0	0.28	0.0	0.083333336	0.8181818	4.0	4.0	0.5769231	-348.700927734375	-628.4337768554688
22.0	21.0	5.3636365	1.1666666	154.86363	2.0843508	0.0	0.77272725	0.0952381	0.0952381	0.05	0.0	0.7894737	4.0	4.0	0.6363636	-435.0361022949219	-545.2217407226562
19.0	20.0	4.263158	1.0526316	165.26315	15.9365425	0.10526316	0.7368421	0.0	0.055555556	0.0	0.0	0.8333333	0.0	0.0	0.6315789	-337.6026306152344	-340.5757141113281
22.0	23.0	4.3636365	1.15	133.40909	36.627243	0.13636364	0.6363636	0.0	0.14285715	0.0	0.0	0.75	0.0	0.0	0.59090906	-540.9669799804688	-631.3759155273438
29.0	30.0	4.862069	1.1538461	131.2069	1.3314493	0.0	0.7241379	0.035714287	0.21428572	0.0	0.037037037	0.89285713	0.0	0.0	0.4827586	-380.77215576171875	-275.8901672363281
29.0	30.0	4.862069	1.1538461	131.2069	1.3314493	0.0	0.7241379	0.035714287	0.21428572	0.0	0.037037037	0.89285713	0.0	0.0	0.4827586	-380.77215576171875	-275.8901672363281
29.0	27.0	4.862069	1.0384616	131.2069	1.3314493	0.0	0.7241379	0.035714287	0.21428572	0.0	0.037037037	0.89285713	0.0	0.0	0.4827586	-380.77215576171875	-366.9454345703125
18.0	17.0	3.6666667	1.0	152.5	4.9428005	0.0	0.7222222	0.0	0.3529412	0.0	0.1875	0.8333333	2.0	2.0	0.5	-244.25682067871094	-623.54638671875
18.0	17.0	3.6666667	1.0	152.5	4.9428005	0.0	0.7222222	0.0	0.3529412	0.0	0.1875	0.8333333	2.0	2.0	0.5	-244.25682067871094	-623.54638671875
18.0	19.0	3.6666667	1.0	152.5	4.9428005	0.0	0.7222222	0.0	0.3529412	0.0	0.1875	0.8333333	2.0	2.0	0.5	-244.25682067871094	-436.7967529296875
8.0	8.0	5.375	1.0	324.25	1.7134868	0.0	0.75	0.0	0.2857143	0.0	0.0	1.0	0.0	0.0	0.625	-25.512083053588867	-125.50165557861328
8.0	8.0	5.375	1.0	324.25	1.7134868	0.0	0.75	0.0	0.2857143	0.0	0.0	1.0	0.0	0.0	0.625	-25.512083053588867	-125.50165557861328
8.0	8.0	5.375	1.0	324.25	1.7134868	0.0	0.75	0.0	0.2857143	0.0	0.0	1.0	0.0	0.0	0.625	-25.512083053588867	-125.50165557861328
11.0	8.0	3.3636363	1.0	329.27274	3.094742	0.0	0.90909094	0.1	0.2	0.0	0.0	1.0	0.0	0.0	0.18181819	-31.16936683654785	-121.61429595947266
11.0	8.0	3.3636363	1.0	329.27274	3.094742	0.0	0.90909094	0.1	0.2	0.0	0.0	1.0	0.0	0.0	0.18181819	-31.16936683654785	-121.61429595947266
9.0	8.0	3.0	1.0	472.33334	1.3331884	0.0	0.7777778	0.125	0.25	0.0	0.14285715	0.8888889	0.0	0.0	0.33333334	-120.42154693603516	-309.9690246582031
9.0	8.0	3.0	1.0	472.33334	1.3331884	0.0	0.7777778	0.125	0.25	0.0	0.14285715	0.8888889	0.0	0.0	0.33333334	-120.42154693603516	-309.9690246582031
20.0	29.0	5.05	1.3181819	270.05	5.4966335	0.0	0.7	0.0	0.36842105	0.055555556	0.16666667	0.84210527	2.0	2.0	0.55	-339.7208557128906	-452.15155029296875
20.0	26.0	5.05	1.2380953	270.05	5.4966335	0.0	0.7	0.0	0.36842105	0.055555556	0.16666667	0.84210527	2.0	2.0	0.55	-339.7208557128906	-553.7842407226562
7.0	7.0	5.285714	1.0	173.0	3.6300511	0.0	0.5714286	0.0	0.0	0.0	0.0	1.0	0.0	0.0	0.71428573	-120.94058227539062	-215.5360107421875
7.0	9.0	5.285714	1.0	173.0	3.6300511	0.0	0.5714286	0.0	0.0	0.0	0.0	1.0	0.0	0.0	0.71428573	-120.94058227539062	-219.8472442626953
7.0	7.0	5.285714	1.0	173.0	3.6300511	0.0	0.5714286	0.0	0.0	0.0	0.0	1.0	0.0	0.0	0.71428573	-120.94058227539062	-215.5360107421875
7.0	9.0	5.285714	1.0	173.0	3.6300511	0.0	0.5714286	0.0	0.0	0.0	0.0	1.0	0.0	0.0	0.71428573	-120.94058227539062	-219.8472442626953
7.0	9.0	5.285714	1.0	173.0	3.6300511	0.0	0.5714286	0.0	0.0	0.0	0.0	1.0	0.0	0.0	0.71428573	-120.94058227539062	-219.8472442626953
17.0	17.0	4.529412	1.0625	95.29412	1.6508284	0.0	0.64705884	0.0	0.25	0.0	0.0	0.9375	2.0	2.0	0.7058824	-146.9334716796875	-336.11474609375
17.0	18.0	4.529412	1.125	95.29412	1.6508284	0.0	0.64705884	0.0	0.25	0.0	0.0	0.9375	2.0	3.0	0.7058824	-146.9334716796875	-341.45904541015625
17.0	17.0	4.529412	1.0625	95.29412	1.6508284	0.0	0.64705884	0.0	0.25	0.0	0.0	0.9375	2.0	2.0	0.7058824	-146.9334716796875	-147.69129943847656
17.0	17.0	4.529412	1.0625	95.29412	1.6508284	0.0	0.64705884	0.0	0.25	0.0	0.0	0.9375	2.0	2.0	0.7058824	-146.9334716796875	-147.69129943847656
17.0	17.0	4.529412	1.0625	95.29412	1.6508284	0.0	0.64705884	0.0	0.25	0.0	0.0	0.9375	2.0	2.0	0.7058824	-146.9334716796875	-147.69129943847656
3.0	3.0	4.0	1.0	185.66667	0.9477956	0.0	1.0	0.0	0.0	0.0	0.0	1.0	0.0	0.0	0.0	-12.992304801940918	-203.795166015625
3.0	3.0	4.0	1.0	185.66667	0.9477956	0.0	1.0	0.0	0.0	0.0	0.0	1.0	0.0	0.0	0.0	-12.992304801940918	-203.795166015625
3.0	3.0	4.0	1.0	185.66667	0.9477956	0.0	1.0	0.0	0.0	0.0	0.0	1.0	0.0	0.0	0.0	-12.992304801940918	-203.795166015625
3.0	3.0	4.0	1.0	185.66667	0.9477956	0.0	1.0	0.0	0.0	0.0	0.0	1.0	0.0	0.0	0.0	-12.992304801940918	-203.795166015625
3.0	3.0	4.0	1.0	185.66667	0.9477956	0.0	1.0	0.0	0.0	0.0	0.0	1.0	0.0	0.0	0.0	-12.992304801940918	-203.795166015625
9.0	12.0	4.0	1.0	298.44446	1.1382457	0.0	1.0	0.0	0.375	0.0	0.0	1.0	0.0	0.0	0.44444445	-18.877254486083984	-322.20867919921875
31.0	36.0	4.612903	1.2413793	114.0	1.2984674	0.0	0.7741935	0.033333335	0.2	0.0	0.0	0.78571427	2.0	2.0	0.58064514	-467.3514099121094	-681.1226196289062
12.0	10.0	4.8333335	1.0	171.91667	2.5343482	0.0	0.75	0.0	0.36363637	0.0	0.0	0.90909094	2.0	2.0	0.5	-129.26637268066406	-318.8331604003906
19.0	17.0	4.263158	1.0625	132.94737	6.113923	0.0	0.68421054	0.0	0.3888889	0.05882353	0.05882353	0.625	3.0	3.0	0.7368421	-426.6894836425781	-530.4558715820312
29.0	29.0	4.4827585	1.1153846	146.96552	1.3073694	0.03448276	0.7586207	0.0	0.25	0.0	0.037037037	0.8214286	2.0	2.0	0.5862069	-363.2309875488281	-462.52313232421875
23.0	28.0	5.130435	1.2173913	178.26086	2.0085876	0.04347826	0.82608694	0.0	0.4090909	0.0	0.0952381	0.9047619	2.0	4.0	0.4347826	-248.38626098632812	-445.91845703125
11.0	10.0	5.181818	1.0	134.54546	1.0929756	0.0	0.72727275	0.1	0.2	0.0	0.0	0.7	0.0	0.0	0.54545456	-223.70785522460938	-319.3982849121094
14.0	15.0	3.7142856	1.0714285	163.78572	1.5886877	0.0	0.64285713	0.0	0.23076923	0.0	0.0	0.6666667	2.0	2.0	0.64285713	-324.1425476074219	-326.8791809082031
48.0	45.0	4.375	1.3636364	99.6875	14.718411	0.083333336	0.6458333	0.0	0.12765957	0.0	0.02173913	0.7352941	7.0	7.0	0.6041667	-906.7870483398438	-801.6034545898438
18.0	20.0	4.5	1.1111112	129.27777	1.9294783	0.0	0.8333333	0.05882353	0.29411766	0.0	0.0625	0.9411765	2.0	2.0	0.6666667	-244.45411682128906	-345.4251708984375
18.0	19.0	4.5	1.117647	129.27777	1.9294783	0.0	0.8333333	0.05882353	0.29411766	0.0	0.0625	0.9411765	2.0	2.0	0.6666667	-244.45411682128906	-442.38818359375
10.0	10.0	5.1	1.0	114.6	2.243079	0.0	0.8	0.0	0.11111111	0.0	0.0	0.9	2.0	2.0	0.7	-31.257925033569336	-127.82889556884766
10.0	10.0	5.1	1.0	114.6	2.243079	0.0	0.8	0.0	0.11111111	0.0	0.0	0.9	2.0	2.0	0.7	-31.257925033569336	-127.82889556884766
26.0	27.0	4.269231	1.125	173.6923	13.611669	0.07692308	0.8076923	0.04	0.24	0.0	0.041666668	0.90909094	4.0	2.0	0.5	-353.5490417480469	-547.0332641601562
26.0	21.0	4.269231	1.1666666	173.6923	13.611669	0.07692308	0.8076923	0.04	0.24	0.0	0.041666668	0.90909094	4.0	4.0	0.5	-353.5490417480469	-534.48681640625
10.0	9.0	3.5	1.0	230.0	1.3990821	0.0	1.0	0.0	0.6666667	0.0	0.25	1.0	0.0	0.0	0.4	-21.251842498779297	-122.2608642578125
32.0	35.0	5.3125	1.09375	168.84375	1.1749235	0.0	0.84375	0.0	0.32258064	0.0	0.06666667	0.9	2.0	2.0	0.53125	-184.79229736328125	-481.4332580566406
31.0	33.0	4.129032	1.1	143.58064	1.6019858	0.0	0.7096774	0.033333335	0.23333333	0.0	0.0	0.8214286	3.0	3.0	0.58064514	-670.4280395507812	-962.1138305664062
18.0	19.0	4.611111	1.1875	128.11111	2.3363714	0.0	0.7777778	0.0	0.1764706	0.0	0.0	0.875	0.0	0.0	0.33333334	-153.9403839111328	-344.24554443359375
17.0	20.0	4.5882354	1.1111112	113.05882	1.579174	0.0	0.7647059	0.0	0.1875	0.0	0.0	0.875	2.0	2.0	0.5882353	-336.9166564941406	-444.6785583496094
15.0	15.0	4.733333	1.25	187.26666	3.0348954	0.0	0.73333335	0.0	0.14285715	0.0	0.0	0.84615386	4.0	4.0	0.6666667	-225.1735382080078	-224.13101196289062
27.0	26.0	3.7037036	1.0833334	151.22223	2.5117018	0.0	0.8888889	0.07692308	0.15384616	0.0	0.04	0.9583333	3.0	3.0	0.25925925	-269.4830017089844	-557.7002563476562
16.0	19.0	4.375	1.117647	135.1875	2.1759553	0.0	0.9375	0.0	0.2	0.0	0.0	0.9285714	3.0	3.0	0.4375	-40.666534423828125	-326.5735168457031
12.0	12.0	4.75	1.0	100.666664	1.1971489	0.0	0.5833333	0.0	0.09090909	0.0	0.0	0.8333333	0.0	0.0	0.5	-231.273681640625	-332.12799072265625
8.0	7.0	4.125	1.0	222.75	3.0960884	0.0	0.875	0.0	0.5714286	0.0	0.0	1.0	0.0	0.0	0.5	-112.97747802734375	-18.524639129638672
8.0	9.0	4.125	1.0	222.75	3.0960884	0.0	0.875	0.0	0.5714286	0.0	0.0	1.0	0.0	0.0	0.5	-112.97747802734375	-119.37188720703125
23.0	25.0	4.521739	1.1904762	153.04347	22.329664	0.04347826	0.73913044	0.045454547	0.45454547	0.04761905	0.14285715	0.9	0.0	0.0	0.5217391	-139.554931640625	-249.36729431152344
23.0	26.0	4.521739	1.3	153.04347	22.329664	0.04347826	0.73913044	0.045454547	0.45454547	0.04761905	0.14285715	0.9	0.0	0.0	0.5217391	-139.554931640625	-338.4394836425781
21.0	21.0	3.857143	1.2352941	174.90475	2.5815442	0.0	0.8095238	0.0	0.2	0.0	0.05263158	0.88235295	4.0	4.0	0.52380955	-249.44761657714844	-333.8968811035156
21.0	21.0	3.857143	1.2352941	174.90475	2.5815442	0.0	0.8095238	0.0	0.2	0.0	0.05263158	0.88235295	4.0	4.0	0.52380955	-249.44761657714844	-433.49542236328125
7.0	5.0	5.0	1.0	152.71428	2.5059216	0.0	0.71428573	0.16666667	0.16666667	0.0	0.0	0.71428573	0.0	0.0	0.71428573	-120.56416320800781	-208.13137817382812
7.0	5.0	5.0	1.0	152.71428	2.5059216	0.0	0.71428573	0.16666667	0.16666667	0.0	0.0	0.71428573	0.0	0.0	0.71428573	-120.56416320800781	-208.13137817382812
30.0	30.0	5.233333	1.2	166.26666	2.5582533	0.0	0.8	0.03448276	0.2413793	0.0	0.071428575	0.8695652	3.0	3.0	0.56666666	-191.0696258544922	-281.09716796875
30.0	28.0	5.233333	1.2727273	166.26666	2.5582533	0.0	0.8	0.03448276	0.2413793	0.0	0.071428575	0.8695652	3.0	3.0	0.56666666	-191.0696258544922	-372.87738037109375
27.0	29.0	4.259259	1.2083334	193.48148	2.0944495	0.0	0.7777778	0.0	0.23076923	0.0	0.08	0.8636364	3.0	3.0	0.5555556	-359.0683288574219	-645.9603881835938
27.0	29.0	4.259259	1.2083334	193.48148	2.0944495	0.0	0.7777778	0.0	0.23076923	0.0	0.08	0.8636364	3.0	3.0	0.5555556	-359.0683288574219	-645.9603881835938
16.0	15.0	4.25	1.0	192.4375	2.1863394	0.0625	0.875	0.06666667	0.06666667	0.0	0.0	1.0	2.0	2.0	0.5625	-53.658809661865234	-236.65744018554688
22.0	23.0	4.318182	1.0454545	143.0	1.4035374	0.0	0.95454544	0.0	0.33333334	0.05	0.1	0.95238096	2.0	2.0	0.45454547	-247.2874298095703	-353.9743347167969
8.0	9.0	4.625	1.0	488.75	1.2515854	0.0	0.75	0.0	0.2857143	0.0	0.0	0.875	0.0	0.0	0.25	-20.802160263061523	-23.205524444580078
13.0	12.0	3.6923077	1.0	141.76923	1.8520032	0.0	0.9230769	0.0	0.25	0.0	0.09090909	1.0	2.0	2.0	0.3846154	-130.82972717285156	-124.98931884765625
13.0	12.0	3.6923077	1.0	141.76923	1.8520032	0.0	0.9230769	0.0	0.25	0.0	0.09090909	1.0	2.0	2.0	0.3846154	-130.82972717285156	-124.98931884765625
11.0	10.0	3.2727273	1.0	306.54544	3.2938142	0.09090909	0.8181818	0.0	0.1	0.0	0.0	1.0	2.0	2.0	0.45454547	-35.21544647216797	-222.1988067626953
11.0	10.0	3.2727273	1.0	306.54544	3.2938142	0.09090909	0.8181818	0.0	0.1	0.0	0.0	1.0	2.0	2.0	0.45454547	-35.21544647216797	-222.1988067626953
8.0	8.0	3.0	1.0	47.125	5.1093817	0.125	0.625	0.0	0.0	0.0	0.0	1.0	0.0	0.0	0.5	-120.24622344970703	-210.18093872070312
8.0	8.0	3.0	1.0	47.125	5.1093817	0.125	0.625	0.0	0.0	0.0	0.0	1.0	0.0	0.0	0.5	-120.24622344970703	-210.18093872070312
13.0	14.0	3.9230769	1.2727273	179.84616	1.1011155	0.0	0.9230769	0.0	0.5833333	0.09090909	0.18181819	1.0	0.0	0.0	0.23076923	-33.696388244628906	-131.70468139648438
41.0	38.0	3.804878	1.1515151	203.51219	3.394808	0.0	0.8292683	0.0	0.325	0.025641026	0.102564104	0.88235295	7.0	7.0	0.5365854	-577.8896484375	-764.9072875976562
12.0	11.0	3.1666667	1.0	193.91667	1.2375875	0.0	0.9166667	0.0	0.36363637	0.0	0.0	1.0	0.0	0.0	0.41666666	-26.469120025634766	-26.62029266357422
19.0	21.0	3.9473684	1.3125	202.26315	1.0557678	0.0	0.8947368	0.0	0.44444445	0.0	0.1764706	0.88235295	2.0	0.0	0.42105263	-138.42124938964844	-141.99635314941406
19.0	21.0	3.9473684	1.2352941	202.26315	1.0557678	0.0	0.8947368	0.0	0.44444445	0.0	0.1764706	0.88235295	2.0	0.0	0.42105263	-138.42124938964844	-140.9136962890625
19.0	21.0	3.9473684	1.2352941	202.26315	1.0557678	0.0	0.8947368	0.0	0.44444445	0.0	0.1764706	0.88235295	2.0	0.0	0.42105263	-138.42124938964844	-140.9136962890625
12.0	12.0	3.8333333	1.0	568.8333	2.1160088	0.0	1.0	0.09090909	0.36363637	0.0	0.0	1.0	2.0	2.0	0.33333334	-23.215234756469727	-218.04017639160156
12.0	10.0	3.8333333	1.0	568.8333	2.1160088	0.0	1.0	0.09090909	0.36363637	0.0	0.0	1.0	2.0	0.0	0.33333334	-23.215234756469727	-215.75865173339844
12.0	14.0	3.8333333	1.0769231	568.8333	2.1160088	0.0	1.0	0.09090909	0.36363637	0.0	0.0	1.0	2.0	2.0	0.33333334	-23.215234756469727	-126.13461303710938
28.0	25.0	4.464286	1.1904762	489.25	2.0563874	0.0	0.8214286	0.074074075	0.25925925	0.0	0.07692308	0.8	2.0	0.0	0.5714286	-363.1586608886719	-741.1195678710938
28.0	27.0	4.464286	1.173913	489.25	2.0563874	0.0	0.8214286	0.074074075	0.25925925	0.0	0.07692308	0.8	2.0	2.0	0.5714286	-363.1586608886719	-747.69140625
28.0	28.0	4.464286	1.1666666	489.25	2.0563874	0.0	0.8214286	0.074074075	0.25925925	0.0	0.07692308	0.8	2.0	2.0	0.5714286	-363.1586608886719	-451.9620361328125
16.0	15.0	3.625	1.0	134.875	0.99616563	0.0	0.75	0.06666667	0.33333334	0.0	0.21428572	0.75	0.0	0.0	0.5	-323.6206359863281	-228.8544921875
7.0	7.0	5.571429	1.0	201.85715	1.4933606	0.0	1.0	0.0	0.33333334	0.0	0.0	1.0	0.0	0.0	0.5714286	-15.005879402160645	-216.23301696777344
34.0	48.0	4.970588	1.4545455	170.26471	2.4875393	0.0	0.7941176	0.030303031	0.21212122	0.0	0.03125	0.88461536	7.0	7.0	0.7058824	-375.42840576171875	-680.3558959960938
16.0	19.0	4.6875	1.0555556	114.1875	2.1392894	0.0	0.875	0.0	0.06666667	0.0	0.0	0.93333334	3.0	2.0	0.6875	-146.85267639160156	-145.03831481933594
42.0	37.0	3.857143	1.1212121	256.5	13.163149	0.023809524	0.78571427	0.0	0.34146342	0.0	0.05	0.8055556	0.0	0.0	0.35714287	-688.2745971679688	-678.3723754882812
13.0	15.0	4.923077	1.1538461	100.15385	1.2405428	0.07692308	0.6923077	0.0	0.25	0.0	0.09090909	0.7692308	0.0	0.0	0.46153846	-229.26318359375	-137.3146209716797
34.0	33.0	3.5294118	1.4347826	221.97058	1.5024439	0.0	0.88235295	0.0	0.42424244	0.09375	0.09375	0.8695652	3.0	3.0	0.29411766	-271.2172546386719	-369.892333984375
34.0	33.0	3.5294118	1.4347826	221.97058	1.5024439	0.0	0.88235295	0.0	0.42424244	0.09375	0.09375	0.8695652	3.0	3.0	0.29411766	-271.2172546386719	-369.892333984375
9.0	8.0	3.4444444	1.1428572	207.33333	32.621983	0.22222222	0.5555556	0.125	0.125	0.0	0.0	0.875	0.0	0.0	0.6666667	-214.0943603515625	-307.71026611328125
9.0	8.0	3.4444444	1.1428572	207.33333	32.621983	0.22222222	0.5555556	0.125	0.125	0.0	0.0	0.875	0.0	0.0	0.6666667	-214.0943603515625	-307.71026611328125
68.0	63.0	3.9117646	1.2857143	311.36765	6.993731	0.05882353	0.7352941	0.0	0.23880596	0.0	0.015151516	0.88	7.0	7.0	0.47058824	-661.24365234375	-1124.2996826171875
68.0	66.0	3.9117646	1.2692307	311.36765	6.993731	0.05882353	0.7352941	0.0	0.23880596	0.0	0.015151516	0.88	7.0	7.0	0.47058824	-661.24365234375	-1123.5152587890625
17.0	17.0	3.9411764	1.0625	264.58823	6.2650766	0.0	0.7647059	0.0	0.3125	0.06666667	0.13333334	0.8125	0.0	0.0	0.4117647	-135.00186157226562	-132.83839416503906
9.0	11.0	4.5555553	1.0	144.44444	1.078301	0.0	0.6666667	0.0	0.375	0.0	0.14285715	0.6666667	0.0	0.0	0.44444445	-220.88766479492188	-414.52459716796875
39.0	43.0	5.076923	1.1944444	146.23077	14.8112545	0.102564104	0.71794873	0.0	0.21052632	0.0	0.08108108	0.85294116	5.0	5.0	0.6923077	-484.9156188964844	-1162.9041748046875
22.0	21.0	4.090909	1.0	133.90909	1.364771	0.0	0.95454544	0.0	0.5714286	0.05	0.2	0.9444444	2.0	2.0	0.45454547	-50.405277252197266	-446.0447082519531
51.0	57.0	4.72549	1.3902439	151.37254	21.117085	0.039215688	0.7058824	0.0	0.2	0.020408163	0.0	0.84210527	6.0	7.0	0.627451	-509.4353332519531	-1297.4439697265625
34.0	37.0	4.2647057	1.15625	419.91177	1.9658612	0.0	0.85294116	0.0	0.24242425	0.0	0.0	0.9310345	3.0	3.0	0.5294118	-279.3124694824219	-460.708251953125
25.0	26.0	4.56	1.1304348	252.72	0.88596463	0.0	0.92	0.0	0.6666667	0.04347826	0.2173913	1.0	0.0	0.0	0.36	-50.689002990722656	-355.9744567871094
12.0	11.0	4.4166665	1.0	136.0	1.3653408	0.0	0.75	0.0	0.09090909	0.0	0.0	1.0	0.0	0.0	0.6666667	-41.0314826965332	-40.516239166259766
37.0	36.0	4.108108	1.2	257.3784	2.0779471	0.0	0.8108108	0.027777778	0.30555555	0.0	0.028571429	0.86206895	5.0	5.0	0.5675676	-377.0081787109375	-1064.33740234375
52.0	52.0	3.7692308	1.3333334	161.32692	1.949313	0.03846154	0.7307692	0.019607844	0.27450982	0.02	0.1	0.8	7.0	6.0	0.48076922	-517.2891845703125	-1090.6488037109375
5.0	7.0	5.6	1.0	129.2	1.3885437	0.0	0.4	0.0	0.0	0.0	0.0	0.6	0.0	0.0	0.8	-211.62855529785156	-118.59825897216797
48.0	49.0	4.3541665	1.2894737	184.6875	11.586249	0.020833334	0.75	0.0	0.31914893	0.0	0.06521739	0.74285716	3.0	3.0	0.5416667	-797.8687133789062	-1280.7015380859375
34.0	37.0	4.0	1.1935484	171.67647	1.8102471	0.029411765	0.64705884	0.0	0.21212122	0.03125	0.03125	0.6896552	4.0	4.0	0.5588235	-659.7919311523438	-757.4248046875
34.0	39.0	4.0	1.3	171.67647	1.8102471	0.029411765	0.64705884	0.0	0.21212122	0.03125	0.03125	0.6896552	4.0	4.0	0.5588235	-659.7919311523438	-575.8744506835938
24.0	26.0	5.5	1.0833334	187.29167	1.7471019	0.083333336	0.7916667	0.04347826	0.2173913	0.0	0.045454547	0.95454544	3.0	4.0	0.625	-169.9033966064453	-645.5964965820312
24.0	25.0	5.5	1.0416666	187.29167	1.7471019	0.083333336	0.7916667	0.04347826	0.2173913	0.0	0.045454547	0.95454544	3.0	3.0	0.625	-169.9033966064453	-551.6362915039062
34.0	38.0	4.1764708	1.2666667	171.47058	2.1893137	0.029411765	0.6764706	0.030303031	0.18181819	0.0	0.03125	0.6923077	4.0	4.0	0.5294118	-863.9102783203125	-783.607177734375
34.0	31.0	4.1764708	1.1923077	171.47058	2.1893137	0.029411765	0.6764706	0.030303031	0.18181819	0.0	0.03125	0.6923077	4.0	4.0	0.5294118	-863.9102783203125	-863.1886596679688
30.0	29.0	5.1	1.1153846	164.83333	10.787547	0.1	0.76666665	0.0	0.2413793	0.0	0.035714287	0.8518519	2.0	2.0	0.73333335	-469.8194885253906	-950.3780517578125
3.0	2.0	3.3333333	1.0	187.33333	0.693973	0.0	1.0	0.0	0.5	0.0	0.0	1.0	0.0	0.0	0.33333334	-10.70229721069336	-10.311233520507812
52.0	58.0	4.5961537	1.3488373	192.88461	1.7785728	0.01923077	0.9230769	0.0	0.3137255	0.02	0.04	0.95454544	5.0	6.0	0.40384614	-328.7165832519531	-632.2769775390625
27.0	28.0	4.962963	1.2727273	181.0	1.6570557	0.0	0.8518519	0.0	0.3846154	0.0	0.08	0.90909094	4.0	4.0	0.5555556	-157.48040771484375	-253.22727966308594
34.0	37.0	5.2647057	1.3214285	143.47058	1.6320319	0.0	0.64705884	0.0	0.18181819	0.0	0.0625	0.6296296	4.0	4.0	0.6764706	-668.7023315429688	-868.3255615234375
63.0	54.0	4.6825395	1.4594594	183.93651	17.246468	0.04761905	0.71428573	0.032258064	0.22580644	0.016393442	0.032786883	0.7173913	6.0	6.0	0.6507937	-1035.913818359375	-1584.4346923828125
20.0	17.0	3.95	1.0625	364.85	1.304609	0.0	0.85	0.0	0.36842105	0.0	0.11111111	0.84210527	2.0	2.0	0.4	-236.56216430664062	-534.5267333984375
20.0	17.0	3.95	1.0625	364.85	1.304609	0.0	0.85	0.0	0.36842105	0.0	0.11111111	0.84210527	2.0	2.0	0.4	-236.56216430664062	-534.5267333984375
44.0	40.0	4.909091	1.1111112	139.84091	12.509971	0.022727273	0.6136364	0.046511628	0.23255815	0.0	0.0	0.7027027	2.0	2.0	0.59090906	-895.6502075195312	-1560.337158203125
44.0	40.0	4.909091	1.1111112	139.84091	12.509971	0.022727273	0.6136364	0.046511628	0.23255815	0.0	0.0	0.7027027	2.0	2.0	0.59090906	-895.6502075195312	-1560.337158203125
11.0	14.0	5.5454545	1.2727273	135.27272	1.3225173	0.0	0.45454547	0.0	0.0	0.0	0.0	0.6363636	0.0	0.0	0.72727275	-330.997802734375	-618.9203491210938
11.0	14.0	5.5454545	1.2727273	135.27272	1.3225173	0.0	0.45454547	0.0	0.0	0.0	0.0	0.6363636	0.0	0.0	0.72727275	-330.997802734375	-618.9203491210938
19.0	19.0	3.7368422	1.0	275.6842	1.584328	0.0	0.84210527	0.0	0.44444445	0.0	0.11764706	0.94736844	2.0	2.0	0.42105263	-138.697265625	-439.70294189453125
19.0	20.0	3.7368422	1.0526316	275.6842	1.584328	0.0	0.84210527	0.0	0.44444445	0.0	0.11764706	0.94736844	2.0	2.0	0.42105263	-138.697265625	-441.18731689453125
19.0	20.0	3.7368422	1.0526316	275.6842	1.584328	0.0	0.84210527	0.0	0.44444445	0.0	0.11764706	0.94736844	2.0	2.0	0.42105263	-138.697265625	-441.18731689453125
19.0	20.0	3.7368422	1.0526316	275.6842	1.584328	0.0	0.84210527	0.0	0.44444445	0.0	0.11764706	0.94736844	2.0	2.0	0.42105263	-138.697265625	-441.18731689453125
31.0	33.0	4.096774	1.137931	277.9355	1.737063	0.0	0.8064516	0.0	0.3	0.03448276	0.06896552	0.89285713	3.0	3.0	0.38709676	-274.8102722167969	-660.3221435546875
31.0	31.0	4.096774	1.0689656	277.9355	1.737063	0.0	0.8064516	0.0	0.3	0.03448276	0.06896552	0.89285713	3.0	3.0	0.38709676	-274.8102722167969	-856.4852294921875
31.0	31.0	4.096774	1.0689656	277.9355	1.737063	0.0	0.8064516	0.0	0.3	0.03448276	0.06896552	0.89285713	3.0	3.0	0.38709676	-274.8102722167969	-856.4852294921875
31.0	31.0	4.096774	1.0689656	277.9355	1.737063	0.0	0.8064516	0.0	0.3	0.03448276	0.06896552	0.89285713	3.0	3.0	0.38709676	-274.8102722167969	-856.4852294921875
22.0	22.0	3.7272727	1.1	223.09091	1.1595868	0.0	0.95454544	0.04761905	0.42857143	0.05	0.2	1.0	2.0	2.0	0.36363637	-52.44373321533203	-158.9511260986328
22.0	22.0	3.7272727	1.1	223.09091	1.1595868	0.0	0.95454544	0.04761905	0.42857143	0.05	0.2	1.0	2.0	2.0	0.36363637	-52.44373321533203	-158.9511260986328
22.0	22.0	3.7272727	1.1	223.09091	1.1595868	0.0	0.95454544	0.04761905	0.42857143	0.05	0.2	1.0	2.0	2.0	0.36363637	-52.44373321533203	-158.9511260986328
22.0	22.0	3.7272727	1.1	223.09091	1.1595868	0.0	0.95454544	0.04761905	0.42857143	0.05	0.2	1.0	2.0	2.0	0.36363637	-52.44373321533203	-158.9511260986328
